/*--------------------------------*- C++ -*----------------------------------*\
| =========                 |                                                 |
| \\      /  F ield         | OpenFOAM: The Open Source CFD Toolbox           |
|  \\    /   O peration     | Version:  2312                                  |
|   \\  /    A nd           | Website:  www.openfoam.com                      |
|    \\/     M anipulation  |                                                 |
\*---------------------------------------------------------------------------*/
FoamFile
{
    version     2.0;
    format      ascii;
    arch        "LSB;label=32;scalar=64";
    class       regIOobject;
    location    "constant/polyMesh";
    object      faceZones;
    meta
    {
        names           2 ( heatsink_interface chip_interface );
    }
}
// * * * * * * * * * * * * * * * * * * * * * * * * * * * * * * * * * * * * * //

2
(heatsink_interface
{
    type            faceZone;
    faceLabels      List<label> 
6400
(
4320
4324
4329
4334
4339
4344
4349
4354
4359
4364
4369
4374
4379
4384
4389
4394
4399
4404
4409
4414
4419
4424
4430
4436
4442
4448
4454
4460
4466
4472
4478
4484
4490
4496
4502
4508
4514
4520
4526
4532
4538
4543
4549
4555
4561
4567
4573
4579
4585
4591
4597
4603
4609
4615
4621
4627
4633
4639
4645
4651
4657
4662
4668
4674
4680
4686
4692
4698
4704
4710
4716
4722
4728
4734
4740
4746
4752
4758
4764
4770
4776
4781
4787
4793
4799
4805
4811
4817
4823
4829
4835
4841
4847
4853
4859
4865
4871
4877
4883
4889
4895
4900
4906
4912
4918
4924
4930
4936
4942
4948
4954
4960
4966
4972
4978
4984
4990
4996
5002
5008
5014
5019
5025
5031
5037
5043
5049
5055
5061
5067
5073
5079
5085
5091
5097
5103
5109
5115
5121
5127
5133
5138
5144
5150
5156
5162
5168
5174
5180
5186
5192
5198
5204
5210
5216
5222
5228
5234
5240
5246
5252
5257
5263
5269
5275
5281
5287
5293
5299
5305
5311
5317
5323
5329
5335
5341
5347
5353
5359
5365
5371
5376
5382
5388
5394
5400
5406
5412
5418
5424
5430
5436
5442
5448
5454
5460
5466
5472
5478
5484
5490
5495
5501
5507
5513
5519
5525
5531
5537
5543
5549
5555
5561
5567
5573
5579
5585
5591
5597
5603
5609
5614
5620
5626
5632
5638
5644
5650
5656
5662
5668
5674
5680
5686
5692
5698
5704
5710
5716
5722
5728
5733
5739
5745
5751
5757
5763
5769
5775
5781
5787
5793
5799
5805
5811
5817
5823
5829
5835
5841
5847
5852
5858
5864
5870
5876
5882
5888
5894
5900
5906
5912
5918
5924
5930
5936
5942
5948
5954
5960
5966
5971
5977
5983
5989
5995
6001
6007
6013
6019
6025
6031
6037
6043
6049
6055
6061
6067
6073
6079
6085
6090
6096
6102
6108
6114
6120
6126
6132
6138
6144
6150
6156
6162
6168
6174
6180
6186
6192
6198
6204
6209
6215
6221
6227
6233
6239
6245
6251
6257
6263
6269
6275
6281
6287
6293
6299
6305
6311
6317
6323
6328
6334
6340
6346
6352
6358
6364
6370
6376
6382
6388
6394
6400
6406
6412
6418
6424
6430
6436
6442
6447
6453
6459
6465
6471
6477
6483
6489
6495
6501
6507
6513
6519
6525
6531
6537
6543
6549
6555
6561
6566
6572
6578
6584
6590
6596
6602
6608
6614
6620
6626
6632
6638
6644
6650
6656
6662
6668
6674
19618
19623
19629
19651
19656
19662
19684
19689
19695
19717
19722
19728
19750
19755
19761
19783
19788
19794
19816
19821
19827
19849
19854
19860
19882
19887
19893
19915
19920
19926
19948
19953
19959
19981
19986
19992
20014
20019
20025
20047
20052
20058
20080
20085
20091
20113
20118
20124
20146
20151
20157
20179
20184
20190
20212
20217
20223
20243
20248
20253
20275
20280
20286
20308
20313
20319
20341
20346
20352
20374
20379
20385
20407
20412
20418
20440
20445
20451
20473
20478
20484
20506
20511
20517
20539
20544
20550
20572
20577
20583
20605
20610
20616
20638
20643
20649
20671
20676
20682
20704
20709
20715
20737
20742
20748
20770
20775
20781
20803
20808
20814
20836
20841
20847
20869
20874
20880
20900
20905
20910
20932
20937
20943
20965
20970
20976
20998
21003
21009
21031
21036
21042
21064
21069
21075
21097
21102
21108
21130
21135
21141
21163
21168
21174
21196
21201
21207
21229
21234
21240
21262
21267
21273
21295
21300
21306
21328
21333
21339
21361
21366
21372
21394
21399
21405
21427
21432
21438
21460
21465
21471
21493
21498
21504
21526
21531
21537
21557
21562
21567
21589
21594
21600
21622
21627
21633
21655
21660
21666
21688
21693
21699
21721
21726
21732
21754
21759
21765
21787
21792
21798
21820
21825
21831
21853
21858
21864
21886
21891
21897
21919
21924
21930
21952
21957
21963
21985
21990
21996
22018
22023
22029
22051
22056
22062
22084
22089
22095
22117
22122
22128
22150
22155
22161
22183
22188
22194
22214
22219
22224
22246
22251
22257
22279
22284
22290
22312
22317
22323
22345
22350
22356
22378
22383
22389
22411
22416
22422
22444
22449
22455
22477
22482
22488
22510
22515
22521
22543
22548
22554
22576
22581
22587
22609
22614
22620
22642
22647
22653
22675
22680
22686
22708
22713
22719
22741
22746
22752
22774
22779
22785
22807
22812
22818
22840
22845
22851
22871
22876
22881
22903
22908
22914
22936
22941
22947
22969
22974
22980
23002
23007
23013
23035
23040
23046
23068
23073
23079
23101
23106
23112
23134
23139
23145
23167
23172
23178
23200
23205
23211
23233
23238
23244
23266
23271
23277
23299
23304
23310
23332
23337
23343
23365
23370
23376
23398
23403
23409
23431
23436
23442
23464
23469
23475
23497
23502
23508
23528
23533
23538
23560
23565
23571
23593
23598
23604
23626
23631
23637
23659
23664
23670
23692
23697
23703
23725
23730
23736
23758
23763
23769
23791
23796
23802
23824
23829
23835
23857
23862
23868
23890
23895
23901
23923
23928
23934
23956
23961
23967
23989
23994
24000
24022
24027
24033
24055
24060
24066
24088
24093
24099
24121
24126
24132
24154
24159
24165
24185
24190
24195
24217
24222
24228
24250
24255
24261
24283
24288
24294
24316
24321
24327
24349
24354
24360
24382
24387
24393
24415
24420
24426
24448
24453
24459
24481
24486
24492
24514
24519
24525
24547
24552
24558
24580
24585
24591
24613
24618
24624
24646
24651
24657
24679
24684
24690
24712
24717
24723
24745
24750
24756
24778
24783
24789
24811
24816
24822
24842
24847
24852
24874
24879
24885
24907
24912
24918
24940
24945
24951
24973
24978
24984
25006
25011
25017
25039
25044
25050
25072
25077
25083
25105
25110
25116
25138
25143
25149
25171
25176
25182
25204
25209
25215
25237
25242
25248
25270
25275
25281
25303
25308
25314
25336
25341
25347
25369
25374
25380
25402
25407
25413
25435
25440
25446
25468
25473
25479
25499
25504
25509
25531
25536
25542
25564
25569
25575
25597
25602
25608
25630
25635
25641
25663
25668
25674
25696
25701
25707
25729
25734
25740
25762
25767
25773
25795
25800
25806
25828
25833
25839
25861
25866
25872
25894
25899
25905
25927
25932
25938
25960
25965
25971
25993
25998
26004
26026
26031
26037
26059
26064
26070
26092
26097
26103
26125
26130
26136
26156
26161
26166
26188
26193
26199
26221
26226
26232
26254
26259
26265
26287
26292
26298
26320
26325
26331
26353
26358
26364
26386
26391
26397
26419
26424
26430
26452
26457
26463
26485
26490
26496
26518
26523
26529
26551
26556
26562
26584
26589
26595
26617
26622
26628
26650
26655
26661
26683
26688
26694
26716
26721
26727
26749
26754
26760
26782
26787
26793
26813
26818
26823
26845
26850
26856
26878
26883
26889
26911
26916
26922
26944
26949
26955
26977
26982
26988
27010
27015
27021
27043
27048
27054
27076
27081
27087
27109
27114
27120
27142
27147
27153
27175
27180
27186
27208
27213
27219
27241
27246
27252
27274
27279
27285
27307
27312
27318
27340
27345
27351
27373
27378
27384
27406
27411
27417
27439
27444
27450
27470
27475
27480
27502
27507
27513
27535
27540
27546
27568
27573
27579
27601
27606
27612
27634
27639
27645
27667
27672
27678
27700
27705
27711
27733
27738
27744
27766
27771
27777
27799
27804
27810
27832
27837
27843
27865
27870
27876
27898
27903
27909
27931
27936
27942
27964
27969
27975
27997
28002
28008
28030
28035
28041
28063
28068
28074
28096
28101
28107
28127
28132
28137
28159
28164
28170
28192
28197
28203
28225
28230
28236
28258
28263
28269
28291
28296
28302
28324
28329
28335
28357
28362
28368
28390
28395
28401
28423
28428
28434
28456
28461
28467
28489
28494
28500
28522
28527
28533
28555
28560
28566
28588
28593
28599
28621
28626
28632
28654
28659
28665
28687
28692
28698
28720
28725
28731
28753
28758
28764
28784
28789
28794
28816
28821
28827
28849
28854
28860
28882
28887
28893
28915
28920
28926
28948
28953
28959
28981
28986
28992
29014
29019
29025
29047
29052
29058
29080
29085
29091
29113
29118
29124
29146
29151
29157
29179
29184
29190
29212
29217
29223
29245
29250
29256
29278
29283
29289
29311
29316
29322
29344
29349
29355
29377
29382
29388
29410
29415
29421
29441
29446
29451
29473
29478
29484
29506
29511
29517
29539
29544
29550
29572
29577
29583
29605
29610
29616
29638
29643
29649
29671
29676
29682
29704
29709
29715
29737
29742
29748
29770
29775
29781
29803
29808
29814
29836
29841
29847
29869
29874
29880
29902
29907
29913
29935
29940
29946
29968
29973
29979
30001
30006
30012
30034
30039
30045
30067
30072
30078
30098
30103
30108
30130
30135
30141
30163
30168
30174
30196
30201
30207
30229
30234
30240
30262
30267
30273
30295
30300
30306
30328
30333
30339
30361
30366
30372
30394
30399
30405
30427
30432
30438
30460
30465
30471
30493
30498
30504
30526
30531
30537
30559
30564
30570
30592
30597
30603
30625
30630
30636
30658
30663
30669
30691
30696
30702
30724
30729
30735
30755
30760
30765
30787
30792
30798
30820
30825
30831
30853
30858
30864
30886
30891
30897
30919
30924
30930
30952
30957
30963
30985
30990
30996
31018
31023
31029
31051
31056
31062
31084
31089
31095
31117
31122
31128
31150
31155
31161
31183
31188
31194
31216
31221
31227
31249
31254
31260
31282
31287
31293
31315
31320
31326
31348
31353
31359
31381
31386
31392
31412
31417
31422
31444
31449
31455
31477
31482
31488
31510
31515
31521
31543
31548
31554
31576
31581
31587
31609
31614
31620
31642
31647
31653
31675
31680
31686
31708
31713
31719
31741
31746
31752
31774
31779
31785
31807
31812
31818
31840
31845
31851
31873
31878
31884
31906
31911
31917
31939
31944
31950
31972
31977
31983
32005
32010
32016
32038
32043
32049
32069
32074
32079
32100
32104
32109
32130
32134
32139
32160
32164
32169
32190
32194
32199
32220
32224
32229
32250
32254
32259
32280
32284
32289
32310
32314
32319
32340
32344
32349
32370
32374
32379
32400
32404
32409
32430
32434
32439
32460
32464
32469
32490
32494
32499
32520
32524
32529
32550
32554
32559
32580
32584
32589
32610
32614
32619
32640
32644
32649
32668
32672
32676
44568
44572
44577
44592
44596
44603
44619
44623
44630
44646
44650
44657
44673
44677
44684
44700
44704
44711
44727
44731
44738
44754
44758
44765
44781
44785
44792
44808
44812
44819
44835
44839
44846
44862
44866
44873
44889
44893
44900
44916
44920
44927
44943
44947
44954
44970
44974
44981
44997
45001
45008
45024
45028
45035
45051
45055
45062
45078
45082
45089
45105
45110
45116
45132
45137
45145
45162
45167
45175
45192
45197
45205
45222
45227
45235
45252
45257
45265
45282
45287
45295
45312
45317
45325
45342
45347
45355
45372
45377
45385
45402
45407
45415
45432
45437
45445
45462
45467
45475
45492
45497
45505
45522
45527
45535
45552
45557
45565
45582
45587
45595
45612
45617
45625
45642
45647
45655
45672
45677
45685
45702
45707
45713
45729
45734
45742
45759
45764
45772
45789
45794
45802
45819
45824
45832
45849
45854
45862
45879
45884
45892
45909
45914
45922
45939
45944
45952
45969
45974
45982
45999
46004
46012
46029
46034
46042
46059
46064
46072
46089
46094
46102
46119
46124
46132
46149
46154
46162
46179
46184
46192
46209
46214
46222
46239
46244
46252
46269
46274
46282
46299
46304
46310
46326
46331
46339
46356
46361
46369
46386
46391
46399
46416
46421
46429
46446
46451
46459
46476
46481
46489
46506
46511
46519
46536
46541
46549
46566
46571
46579
46596
46601
46609
46626
46631
46639
46656
46661
46669
46686
46691
46699
46716
46721
46729
46746
46751
46759
46776
46781
46789
46806
46811
46819
46836
46841
46849
46866
46871
46879
46896
46901
46907
46923
46928
46936
46953
46958
46966
46983
46988
46996
47013
47018
47026
47043
47048
47056
47073
47078
47086
47103
47108
47116
47133
47138
47146
47163
47168
47176
47193
47198
47206
47223
47228
47236
47253
47258
47266
47283
47288
47296
47313
47318
47326
47343
47348
47356
47373
47378
47386
47403
47408
47416
47433
47438
47446
47463
47468
47476
47493
47498
47504
47520
47525
47533
47550
47555
47563
47580
47585
47593
47610
47615
47623
47640
47645
47653
47670
47675
47683
47700
47705
47713
47730
47735
47743
47760
47765
47773
47790
47795
47803
47820
47825
47833
47850
47855
47863
47880
47885
47893
47910
47915
47923
47940
47945
47953
47970
47975
47983
48000
48005
48013
48030
48035
48043
48060
48065
48073
48090
48095
48101
48117
48122
48130
48147
48152
48160
48177
48182
48190
48207
48212
48220
48237
48242
48250
48267
48272
48280
48297
48302
48310
48327
48332
48340
48357
48362
48370
48387
48392
48400
48417
48422
48430
48447
48452
48460
48477
48482
48490
48507
48512
48520
48537
48542
48550
48567
48572
48580
48597
48602
48610
48627
48632
48640
48657
48662
48670
48687
48692
48698
48714
48719
48727
48744
48749
48757
48774
48779
48787
48804
48809
48817
48834
48839
48847
48864
48869
48877
48894
48899
48907
48924
48929
48937
48954
48959
48967
48984
48989
48997
49014
49019
49027
49044
49049
49057
49074
49079
49087
49104
49109
49117
49134
49139
49147
49164
49169
49177
49194
49199
49207
49224
49229
49237
49254
49259
49267
49284
49289
49295
49311
49316
49324
49341
49346
49354
49371
49376
49384
49401
49406
49414
49431
49436
49444
49461
49466
49474
49491
49496
49504
49521
49526
49534
49551
49556
49564
49581
49586
49594
49611
49616
49624
49641
49646
49654
49671
49676
49684
49701
49706
49714
49731
49736
49744
49761
49766
49774
49791
49796
49804
49821
49826
49834
49851
49856
49864
49881
49886
49892
49908
49913
49921
49938
49943
49951
49968
49973
49981
49998
50003
50011
50028
50033
50041
50058
50063
50071
50088
50093
50101
50118
50123
50131
50148
50153
50161
50178
50183
50191
50208
50213
50221
50238
50243
50251
50268
50273
50281
50298
50303
50311
50328
50333
50341
50358
50363
50371
50388
50393
50401
50418
50423
50431
50448
50453
50461
50478
50483
50489
50505
50510
50518
50535
50540
50548
50565
50570
50578
50595
50600
50608
50625
50630
50638
50655
50660
50668
50685
50690
50698
50715
50720
50728
50745
50750
50758
50775
50780
50788
50805
50810
50818
50835
50840
50848
50865
50870
50878
50895
50900
50908
50925
50930
50938
50955
50960
50968
50985
50990
50998
51015
51020
51028
51045
51050
51058
51075
51080
51086
51102
51107
51115
51132
51137
51145
51162
51167
51175
51192
51197
51205
51222
51227
51235
51252
51257
51265
51282
51287
51295
51312
51317
51325
51342
51347
51355
51372
51377
51385
51402
51407
51415
51432
51437
51445
51462
51467
51475
51492
51497
51505
51522
51527
51535
51552
51557
51565
51582
51587
51595
51612
51617
51625
51642
51647
51655
51672
51677
51683
51699
51704
51712
51729
51734
51742
51759
51764
51772
51789
51794
51802
51819
51824
51832
51849
51854
51862
51879
51884
51892
51909
51914
51922
51939
51944
51952
51969
51974
51982
51999
52004
52012
52029
52034
52042
52059
52064
52072
52089
52094
52102
52119
52124
52132
52149
52154
52162
52179
52184
52192
52209
52214
52222
52239
52244
52252
52269
52274
52280
52296
52301
52309
52326
52331
52339
52356
52361
52369
52386
52391
52399
52416
52421
52429
52446
52451
52459
52476
52481
52489
52506
52511
52519
52536
52541
52549
52566
52571
52579
52596
52601
52609
52626
52631
52639
52656
52661
52669
52686
52691
52699
52716
52721
52729
52746
52751
52759
52776
52781
52789
52806
52811
52819
52836
52841
52849
52866
52871
52877
52893
52898
52906
52923
52928
52936
52953
52958
52966
52983
52988
52996
53013
53018
53026
53043
53048
53056
53073
53078
53086
53103
53108
53116
53133
53138
53146
53163
53168
53176
53193
53198
53206
53223
53228
53236
53253
53258
53266
53283
53288
53296
53313
53318
53326
53343
53348
53356
53373
53378
53386
53403
53408
53416
53433
53438
53446
53463
53468
53474
53490
53495
53503
53520
53525
53533
53550
53555
53563
53580
53585
53593
53610
53615
53623
53640
53645
53653
53670
53675
53683
53700
53705
53713
53730
53735
53743
53760
53765
53773
53790
53795
53803
53820
53825
53833
53850
53855
53863
53880
53885
53893
53910
53915
53923
53940
53945
53953
53970
53975
53983
54000
54005
54013
54030
54035
54043
54060
54065
54071
54087
54092
54100
54117
54122
54130
54147
54152
54160
54177
54182
54190
54207
54212
54220
54237
54242
54250
54267
54272
54280
54297
54302
54310
54327
54332
54340
54357
54362
54370
54387
54392
54400
54417
54422
54430
54447
54452
54460
54477
54482
54490
54507
54512
54520
54537
54542
54550
54567
54572
54580
54597
54602
54610
54627
54632
54640
54657
54662
54668
54684
54689
54697
54714
54719
54727
54744
54749
54757
54774
54779
54787
54804
54809
54817
54834
54839
54847
54864
54869
54877
54894
54899
54907
54924
54929
54937
54954
54959
54967
54984
54989
54997
55014
55019
55027
55044
55049
55057
55074
55079
55087
55104
55109
55117
55134
55139
55147
55164
55169
55177
55194
55199
55207
55224
55229
55237
55254
55259
55265
55281
55286
55294
55311
55316
55324
55341
55346
55354
55371
55376
55384
55401
55406
55414
55431
55436
55444
55461
55466
55474
55491
55496
55504
55521
55526
55534
55551
55556
55564
55581
55586
55594
55611
55616
55624
55641
55646
55654
55671
55676
55684
55701
55706
55714
55731
55736
55744
55761
55766
55774
55791
55796
55804
55821
55826
55834
55851
55856
55862
55878
55883
55891
55908
55913
55921
55938
55943
55951
55968
55973
55981
55998
56003
56011
56028
56033
56041
56058
56063
56071
56088
56093
56101
56118
56123
56131
56148
56153
56161
56178
56183
56191
56208
56213
56221
56238
56243
56251
56268
56273
56281
56298
56303
56311
56328
56333
56341
56358
56363
56371
56388
56393
56401
56418
56423
56431
56472
56477
56482
56495
56500
56505
56519
56523
56528
56561
56566
56571
56584
56589
56595
56608
56612
56617
56650
56655
56660
56673
56678
56684
56697
56701
56706
56739
56744
56749
56762
56767
56773
56786
56790
56795
56828
56833
56838
56851
56856
56862
56875
56879
56884
56917
56922
56927
56940
56945
56951
56964
56968
56973
57006
57011
57016
57029
57034
57040
57053
57057
57062
57095
57100
57105
57118
57123
57129
57142
57146
57151
57184
57189
57194
57207
57212
57218
57231
57235
57240
57273
57278
57283
57296
57301
57307
57320
57324
57329
57362
57367
57372
57385
57390
57396
57409
57413
57418
57451
57456
57461
57474
57479
57485
57498
57502
57507
57540
57545
57550
57563
57568
57574
57587
57591
57596
57629
57634
57639
57652
57657
57663
57676
57680
57685
57718
57723
57728
57741
57746
57752
57765
57769
57774
57807
57812
57817
57830
57835
57841
57854
57858
57863
57896
57901
57906
57919
57924
57930
57943
57947
57952
57985
57990
57995
58008
58013
58019
58032
58036
58041
58074
58079
58084
58097
58102
58108
58121
58125
58130
58162
58166
58168
58183
58188
58194
58205
58209
58212
58246
58251
58257
58269
58274
58279
58293
58297
58302
58335
58340
58346
58358
58363
58369
58382
58386
58391
58424
58429
58435
58447
58452
58458
58471
58475
58480
58513
58518
58524
58536
58541
58547
58560
58564
58569
58602
58607
58613
58625
58630
58636
58649
58653
58658
58691
58696
58702
58714
58719
58725
58738
58742
58747
58780
58785
58791
58803
58808
58814
58827
58831
58836
58869
58874
58880
58892
58897
58903
58916
58920
58925
58958
58963
58969
58981
58986
58992
59005
59009
59014
59047
59052
59058
59070
59075
59081
59094
59098
59103
59136
59141
59147
59159
59164
59170
59183
59187
59192
59225
59230
59236
59248
59253
59259
59272
59276
59281
59314
59319
59325
59337
59342
59348
59361
59365
59370
59403
59408
59414
59426
59431
59437
59450
59454
59459
59492
59497
59503
59515
59520
59526
59539
59543
59548
59581
59586
59592
59604
59609
59615
59628
59632
59637
59670
59675
59681
59693
59698
59704
59717
59721
59726
59759
59764
59770
59782
59787
59793
59806
59810
59815
59848
59853
59859
59871
59876
59882
59895
59899
59904
59936
59940
59943
59957
59962
59968
59979
59983
59986
60020
60025
60031
60043
60048
60053
60067
60071
60076
60109
60114
60120
60132
60137
60143
60156
60160
60165
60198
60203
60209
60221
60226
60232
60245
60249
60254
60287
60292
60298
60310
60315
60321
60334
60338
60343
60376
60381
60387
60399
60404
60410
60423
60427
60432
60465
60470
60476
60488
60493
60499
60512
60516
60521
60554
60559
60565
60577
60582
60588
60601
60605
60610
60643
60648
60654
60666
60671
60677
60690
60694
60699
60732
60737
60743
60755
60760
60766
60779
60783
60788
60821
60826
60832
60844
60849
60855
60868
60872
60877
60910
60915
60921
60933
60938
60944
60957
60961
60966
60999
61004
61010
61022
61027
61033
61046
61050
61055
61088
61093
61099
61111
61116
61122
61135
61139
61144
61177
61182
61188
61200
61205
61211
61224
61228
61233
61266
61271
61277
61289
61294
61300
61313
61317
61322
61355
61360
61366
61378
61383
61389
61402
61406
61411
61444
61449
61455
61467
61472
61478
61491
61495
61500
61533
61538
61544
61556
61561
61567
61580
61584
61589
61622
61627
61633
61645
61650
61656
61669
61673
61678
61710
61714
61717
61731
61736
61742
61753
61757
61760
61794
61799
61805
61817
61822
61827
61841
61845
61850
61883
61888
61894
61906
61911
61917
61930
61934
61939
61972
61977
61983
61995
62000
62006
62019
62023
62028
62061
62066
62072
62084
62089
62095
62108
62112
62117
62150
62155
62161
62173
62178
62184
62197
62201
62206
62239
62244
62250
62262
62267
62273
62286
62290
62295
62328
62333
62339
62351
62356
62362
62375
62379
62384
62417
62422
62428
62440
62445
62451
62464
62468
62473
62506
62511
62517
62529
62534
62540
62553
62557
62562
62595
62600
62606
62618
62623
62629
62642
62646
62651
62684
62689
62695
62707
62712
62718
62731
62735
62740
62773
62778
62784
62796
62801
62807
62820
62824
62829
62862
62867
62873
62885
62890
62896
62909
62913
62918
62951
62956
62962
62974
62979
62985
62998
63002
63007
63040
63045
63051
63063
63068
63074
63087
63091
63096
63129
63134
63140
63152
63157
63163
63176
63180
63185
63218
63223
63229
63241
63246
63252
63265
63269
63274
63307
63312
63318
63330
63335
63341
63354
63358
63363
63396
63401
63407
63419
63424
63430
63443
63447
63452
63484
63488
63491
63505
63510
63516
63527
63531
63534
63568
63573
63579
63591
63596
63601
63615
63619
63624
63657
63662
63668
63680
63685
63691
63704
63708
63713
63746
63751
63757
63769
63774
63780
63793
63797
63802
63835
63840
63846
63858
63863
63869
63882
63886
63891
63924
63929
63935
63947
63952
63958
63971
63975
63980
64013
64018
64024
64036
64041
64047
64060
64064
64069
64102
64107
64113
64125
64130
64136
64149
64153
64158
64191
64196
64202
64214
64219
64225
64238
64242
64247
64280
64285
64291
64303
64308
64314
64327
64331
64336
64369
64374
64380
64392
64397
64403
64416
64420
64425
64458
64463
64469
64481
64486
64492
64505
64509
64514
64547
64552
64558
64570
64575
64581
64594
64598
64603
64636
64641
64647
64659
64664
64670
64683
64687
64692
64725
64730
64736
64748
64753
64759
64772
64776
64781
64814
64819
64825
64837
64842
64848
64861
64865
64870
64903
64908
64914
64926
64931
64937
64950
64954
64959
64992
64997
65003
65015
65020
65026
65039
65043
65048
65081
65086
65092
65104
65109
65115
65128
65132
65137
65170
65175
65181
65193
65198
65204
65217
65221
65226
65258
65262
65265
65279
65284
65290
65301
65305
65308
65342
65347
65353
65365
65370
65375
65389
65393
65398
65431
65436
65442
65454
65459
65465
65478
65482
65487
65520
65525
65531
65543
65548
65554
65567
65571
65576
65609
65614
65620
65632
65637
65643
65656
65660
65665
65698
65703
65709
65721
65726
65732
65745
65749
65754
65787
65792
65798
65810
65815
65821
65834
65838
65843
65876
65881
65887
65899
65904
65910
65923
65927
65932
65965
65970
65976
65988
65993
65999
66012
66016
66021
66054
66059
66065
66077
66082
66088
66101
66105
66110
66143
66148
66154
66166
66171
66177
66190
66194
66199
66232
66237
66243
66255
66260
66266
66279
66283
66288
66321
66326
66332
66344
66349
66355
66368
66372
66377
66410
66415
66421
66433
66438
66444
66457
66461
66466
66499
66504
66510
66522
66527
66533
66546
66550
66555
66588
66593
66599
66611
66616
66622
66635
66639
66644
66677
66682
66688
66700
66705
66711
66724
66728
66733
66766
66771
66777
66789
66794
66800
66813
66817
66822
66855
66860
66866
66878
66883
66889
66902
66906
66911
66944
66949
66955
66967
66972
66978
66991
66995
67000
67032
67036
67039
67053
67058
67064
67075
67079
67082
67116
67121
67127
67139
67144
67149
67163
67167
67172
67205
67210
67216
67228
67233
67239
67252
67256
67261
67294
67299
67305
67317
67322
67328
67341
67345
67350
67383
67388
67394
67406
67411
67417
67430
67434
67439
67472
67477
67483
67495
67500
67506
67519
67523
67528
67561
67566
67572
67584
67589
67595
67608
67612
67617
67650
67655
67661
67673
67678
67684
67697
67701
67706
67739
67744
67750
67762
67767
67773
67786
67790
67795
67828
67833
67839
67851
67856
67862
67875
67879
67884
67917
67922
67928
67940
67945
67951
67964
67968
67973
68006
68011
68017
68029
68034
68040
68053
68057
68062
68095
68100
68106
68118
68123
68129
68142
68146
68151
68184
68189
68195
68207
68212
68218
68231
68235
68240
68273
68278
68284
68296
68301
68307
68320
68324
68329
68362
68367
68373
68385
68390
68396
68409
68413
68418
68451
68456
68462
68474
68479
68485
68498
68502
68507
68540
68545
68551
68563
68568
68574
68587
68591
68596
68629
68634
68640
68652
68657
68663
68676
68680
68685
68718
68723
68729
68741
68746
68752
68765
68769
68774
68806
68810
68813
68827
68832
68838
68849
68853
68856
68890
68895
68901
68913
68918
68923
68937
68941
68946
68979
68984
68990
69002
69007
69013
69026
69030
69035
69068
69073
69079
69091
69096
69102
69115
69119
69124
69157
69162
69168
69180
69185
69191
69204
69208
69213
69246
69251
69257
69269
69274
69280
69293
69297
69302
69335
69340
69346
69358
69363
69369
69382
69386
69391
69424
69429
69435
69447
69452
69458
69471
69475
69480
69513
69518
69524
69536
69541
69547
69560
69564
69569
69602
69607
69613
69625
69630
69636
69649
69653
69658
69691
69696
69702
69714
69719
69725
69738
69742
69747
69780
69785
69791
69803
69808
69814
69827
69831
69836
69869
69874
69880
69892
69897
69903
69916
69920
69925
69958
69963
69969
69981
69986
69992
70005
70009
70014
70047
70052
70058
70070
70075
70081
70094
70098
70103
70136
70141
70147
70159
70164
70170
70183
70187
70192
70225
70230
70236
70248
70253
70259
70272
70276
70281
70314
70319
70325
70337
70342
70348
70361
70365
70370
70403
70408
70414
70426
70431
70437
70450
70454
70459
70492
70497
70503
70515
70520
70526
70539
70543
70548
70580
70584
70587
70601
70606
70612
70623
70627
70630
70664
70669
70675
70687
70692
70697
70711
70715
70720
70753
70758
70764
70776
70781
70787
70800
70804
70809
70842
70847
70853
70865
70870
70876
70889
70893
70898
70931
70936
70942
70954
70959
70965
70978
70982
70987
71020
71025
71031
71043
71048
71054
71067
71071
71076
71109
71114
71120
71132
71137
71143
71156
71160
71165
71198
71203
71209
71221
71226
71232
71245
71249
71254
71287
71292
71298
71310
71315
71321
71334
71338
71343
71376
71381
71387
71399
71404
71410
71423
71427
71432
71465
71470
71476
71488
71493
71499
71512
71516
71521
71554
71559
71565
71577
71582
71588
71601
71605
71610
71643
71648
71654
71666
71671
71677
71690
71694
71699
71732
71737
71743
71755
71760
71766
71779
71783
71788
71821
71826
71832
71844
71849
71855
71868
71872
71877
71910
71915
71921
71933
71938
71944
71957
71961
71966
71999
72004
72010
72022
72027
72033
72046
72050
72055
72088
72093
72099
72111
72116
72122
72135
72139
72144
72177
72182
72188
72200
72205
72211
72224
72228
72233
72266
72271
72277
72289
72294
72300
72313
72317
72322
72354
72358
72361
72375
72380
72386
72397
72401
72404
72438
72443
72449
72461
72466
72471
72485
72489
72494
72527
72532
72538
72550
72555
72561
72574
72578
72583
72616
72621
72627
72639
72644
72650
72663
72667
72672
72705
72710
72716
72728
72733
72739
72752
72756
72761
72794
72799
72805
72817
72822
72828
72841
72845
72850
72883
72888
72894
72906
72911
72917
72930
72934
72939
72972
72977
72983
72995
73000
73006
73019
73023
73028
73061
73066
73072
73084
73089
73095
73108
73112
73117
73150
73155
73161
73173
73178
73184
73197
73201
73206
73239
73244
73250
73262
73267
73273
73286
73290
73295
73328
73333
73339
73351
73356
73362
73375
73379
73384
73417
73422
73428
73440
73445
73451
73464
73468
73473
73506
73511
73517
73529
73534
73540
73553
73557
73562
73595
73600
73606
73618
73623
73629
73642
73646
73651
73684
73689
73695
73707
73712
73718
73731
73735
73740
73773
73778
73784
73796
73801
73807
73820
73824
73829
73862
73867
73873
73885
73890
73896
73909
73913
73918
73951
73956
73962
73974
73979
73985
73998
74002
74007
74040
74045
74051
74063
74068
74074
74087
74091
74096
74128
74132
74135
74149
74154
74160
74171
74175
74178
74212
74217
74223
74235
74240
74245
74259
74263
74268
74301
74306
74312
74324
74329
74335
74348
74352
74357
74390
74395
74401
74413
74418
74424
74437
74441
74446
74479
74484
74490
74502
74507
74513
74526
74530
74535
74568
74573
74579
74591
74596
74602
74615
74619
74624
74657
74662
74668
74680
74685
74691
74704
74708
74713
74746
74751
74757
74769
74774
74780
74793
74797
74802
74835
74840
74846
74858
74863
74869
74882
74886
74891
74924
74929
74935
74947
74952
74958
74971
74975
74980
75013
75018
75024
75036
75041
75047
75060
75064
75069
75102
75107
75113
75125
75130
75136
75149
75153
75158
75191
75196
75202
75214
75219
75225
75238
75242
75247
75280
75285
75291
75303
75308
75314
75327
75331
75336
75369
75374
75380
75392
75397
75403
75416
75420
75425
75458
75463
75469
75481
75486
75492
75505
75509
75514
75547
75552
75558
75570
75575
75581
75594
75598
75603
75636
75641
75647
75659
75664
75670
75683
75687
75692
75725
75730
75736
75748
75753
75759
75772
75776
75781
75814
75819
75825
75837
75842
75848
75861
75865
75870
75902
75906
75909
75923
75928
75934
75945
75949
75952
75986
75991
75997
76009
76014
76019
76033
76037
76042
76075
76080
76086
76098
76103
76109
76122
76126
76131
76164
76169
76175
76187
76192
76198
76211
76215
76220
76253
76258
76264
76276
76281
76287
76300
76304
76309
76342
76347
76353
76365
76370
76376
76389
76393
76398
76431
76436
76442
76454
76459
76465
76478
76482
76487
76520
76525
76531
76543
76548
76554
76567
76571
76576
76609
76614
76620
76632
76637
76643
76656
76660
76665
76698
76703
76709
76721
76726
76732
76745
76749
76754
76787
76792
76798
76810
76815
76821
76834
76838
76843
76876
76881
76887
76899
76904
76910
76923
76927
76932
76965
76970
76976
76988
76993
76999
77012
77016
77021
77054
77059
77065
77077
77082
77088
77101
77105
77110
77143
77148
77154
77166
77171
77177
77190
77194
77199
77232
77237
77243
77255
77260
77266
77279
77283
77288
77321
77326
77332
77344
77349
77355
77368
77372
77377
77410
77415
77421
77433
77438
77444
77457
77461
77466
77499
77504
77510
77522
77527
77533
77546
77550
77555
77588
77593
77599
77611
77616
77622
77635
77639
77644
77676
77680
77683
77697
77702
77708
77719
77723
77726
77760
77765
77771
77783
77788
77793
77807
77811
77816
77849
77854
77860
77872
77877
77883
77896
77900
77905
77938
77943
77949
77961
77966
77972
77985
77989
77994
78027
78032
78038
78050
78055
78061
78074
78078
78083
78116
78121
78127
78139
78144
78150
78163
78167
78172
78205
78210
78216
78228
78233
78239
78252
78256
78261
78294
78299
78305
78317
78322
78328
78341
78345
78350
78383
78388
78394
78406
78411
78417
78430
78434
78439
78472
78477
78483
78495
78500
78506
78519
78523
78528
78561
78566
78572
78584
78589
78595
78608
78612
78617
78650
78655
78661
78673
78678
78684
78697
78701
78706
78739
78744
78750
78762
78767
78773
78786
78790
78795
78828
78833
78839
78851
78856
78862
78875
78879
78884
78917
78922
78928
78940
78945
78951
78964
78968
78973
79006
79011
79017
79029
79034
79040
79053
79057
79062
79095
79100
79106
79118
79123
79129
79142
79146
79151
79184
79189
79195
79207
79212
79218
79231
79235
79240
79273
79278
79284
79296
79301
79307
79320
79324
79329
79362
79367
79373
79385
79390
79396
79409
79413
79418
79450
79454
79457
79471
79476
79482
79493
79497
79500
79534
79539
79545
79557
79562
79567
79581
79585
79590
79623
79628
79634
79646
79651
79657
79670
79674
79679
79712
79717
79723
79735
79740
79746
79759
79763
79768
79801
79806
79812
79824
79829
79835
79848
79852
79857
79890
79895
79901
79913
79918
79924
79937
79941
79946
79979
79984
79990
80002
80007
80013
80026
80030
80035
80068
80073
80079
80091
80096
80102
80115
80119
80124
80157
80162
80168
80180
80185
80191
80204
80208
80213
80246
80251
80257
80269
80274
80280
80293
80297
80302
80335
80340
80346
80358
80363
80369
80382
80386
80391
80424
80429
80435
80447
80452
80458
80471
80475
80480
80513
80518
80524
80536
80541
80547
80560
80564
80569
80602
80607
80613
80625
80630
80636
80649
80653
80658
80691
80696
80702
80714
80719
80725
80738
80742
80747
80780
80785
80791
80803
80808
80814
80827
80831
80836
80869
80874
80880
80892
80897
80903
80916
80920
80925
80958
80963
80969
80981
80986
80992
81005
81009
81014
81047
81052
81058
81070
81075
81081
81094
81098
81103
81136
81141
81147
81159
81164
81170
81183
81187
81192
81224
81228
81231
81245
81250
81256
81267
81271
81274
81308
81313
81319
81331
81336
81341
81355
81359
81364
81397
81402
81408
81420
81425
81431
81444
81448
81453
81486
81491
81497
81509
81514
81520
81533
81537
81542
81575
81580
81586
81598
81603
81609
81622
81626
81631
81664
81669
81675
81687
81692
81698
81711
81715
81720
81753
81758
81764
81776
81781
81787
81800
81804
81809
81842
81847
81853
81865
81870
81876
81889
81893
81898
81931
81936
81942
81954
81959
81965
81978
81982
81987
82020
82025
82031
82043
82048
82054
82067
82071
82076
82109
82114
82120
82132
82137
82143
82156
82160
82165
82198
82203
82209
82221
82226
82232
82245
82249
82254
82287
82292
82298
82310
82315
82321
82334
82338
82343
82376
82381
82387
82399
82404
82410
82423
82427
82432
82465
82470
82476
82488
82493
82499
82512
82516
82521
82554
82559
82565
82577
82582
82588
82601
82605
82610
82643
82648
82654
82666
82671
82677
82690
82694
82699
82732
82737
82743
82755
82760
82766
82779
82783
82788
82821
82826
82832
82844
82849
82855
82868
82872
82877
82910
82915
82921
82933
82938
82944
82957
82961
82966
82998
83002
83005
83019
83024
83030
83041
83045
83048
83082
83087
83093
83105
83110
83115
83129
83133
83138
83171
83176
83182
83194
83199
83205
83218
83222
83227
83260
83265
83271
83283
83288
83294
83307
83311
83316
83349
83354
83360
83372
83377
83383
83396
83400
83405
83438
83443
83449
83461
83466
83472
83485
83489
83494
83527
83532
83538
83550
83555
83561
83574
83578
83583
83616
83621
83627
83639
83644
83650
83663
83667
83672
83705
83710
83716
83728
83733
83739
83752
83756
83761
83794
83799
83805
83817
83822
83828
83841
83845
83850
83883
83888
83894
83906
83911
83917
83930
83934
83939
83972
83977
83983
83995
84000
84006
84019
84023
84028
84061
84066
84072
84084
84089
84095
84108
84112
84117
84150
84155
84161
84173
84178
84184
84197
84201
84206
84239
84244
84250
84262
84267
84273
84286
84290
84295
84328
84333
84339
84351
84356
84362
84375
84379
84384
84417
84422
84428
84440
84445
84451
84464
84468
84473
84506
84511
84517
84529
84534
84540
84553
84557
84562
84595
84600
84606
84618
84623
84629
84642
84646
84651
84684
84689
84695
84707
84712
84718
84731
84735
84740
84772
84776
84779
84793
84798
84804
84815
84819
84822
84856
84861
84867
84879
84884
84889
84903
84907
84912
84945
84950
84956
84968
84973
84979
84992
84996
85001
85034
85039
85045
85057
85062
85068
85081
85085
85090
85123
85128
85134
85146
85151
85157
85170
85174
85179
85212
85217
85223
85235
85240
85246
85259
85263
85268
85301
85306
85312
85324
85329
85335
85348
85352
85357
85390
85395
85401
85413
85418
85424
85437
85441
85446
85479
85484
85490
85502
85507
85513
85526
85530
85535
85568
85573
85579
85591
85596
85602
85615
85619
85624
85657
85662
85668
85680
85685
85691
85704
85708
85713
85746
85751
85757
85769
85774
85780
85793
85797
85802
85835
85840
85846
85858
85863
85869
85882
85886
85891
85924
85929
85935
85947
85952
85958
85971
85975
85980
86013
86018
86024
86036
86041
86047
86060
86064
86069
86102
86107
86113
86125
86130
86136
86149
86153
86158
86191
86196
86202
86214
86219
86225
86238
86242
86247
86280
86285
86291
86303
86308
86314
86327
86331
86336
86369
86374
86380
86392
86397
86403
86416
86420
86425
86458
86463
86469
86481
86486
86492
86505
86509
86514
86546
86550
86553
86567
86572
86578
86589
86593
86596
86630
86635
86641
86653
86658
86663
86677
86681
86686
86719
86724
86730
86742
86747
86753
86766
86770
86775
86808
86813
86819
86831
86836
86842
86855
86859
86864
86897
86902
86908
86920
86925
86931
86944
86948
86953
86986
86991
86997
87009
87014
87020
87033
87037
87042
87075
87080
87086
87098
87103
87109
87122
87126
87131
87164
87169
87175
87187
87192
87198
87211
87215
87220
87253
87258
87264
87276
87281
87287
87300
87304
87309
87342
87347
87353
87365
87370
87376
87389
87393
87398
87431
87436
87442
87454
87459
87465
87478
87482
87487
87520
87525
87531
87543
87548
87554
87567
87571
87576
87609
87614
87620
87632
87637
87643
87656
87660
87665
87698
87703
87709
87721
87726
87732
87745
87749
87754
87787
87792
87798
87810
87815
87821
87834
87838
87843
87876
87881
87887
87899
87904
87910
87923
87927
87932
87965
87970
87976
87988
87993
87999
88012
88016
88021
88054
88059
88065
88077
88082
88088
88101
88105
88110
88143
88148
88154
88166
88171
88177
88190
88194
88199
88232
88237
88243
88255
88260
88266
88279
88283
88288
88320
88324
88327
88341
88346
88352
88363
88367
88370
88404
88409
88415
88427
88432
88437
88451
88455
88460
88493
88498
88504
88516
88521
88527
88540
88544
88549
88582
88587
88593
88605
88610
88616
88629
88633
88638
88671
88676
88682
88694
88699
88705
88718
88722
88727
88760
88765
88771
88783
88788
88794
88807
88811
88816
88849
88854
88860
88872
88877
88883
88896
88900
88905
88938
88943
88949
88961
88966
88972
88985
88989
88994
89027
89032
89038
89050
89055
89061
89074
89078
89083
89116
89121
89127
89139
89144
89150
89163
89167
89172
89205
89210
89216
89228
89233
89239
89252
89256
89261
89294
89299
89305
89317
89322
89328
89341
89345
89350
89383
89388
89394
89406
89411
89417
89430
89434
89439
89472
89477
89483
89495
89500
89506
89519
89523
89528
89561
89566
89572
89584
89589
89595
89608
89612
89617
89650
89655
89661
89673
89678
89684
89697
89701
89706
89739
89744
89750
89762
89767
89773
89786
89790
89795
89828
89833
89839
89851
89856
89862
89875
89879
89884
89917
89922
89928
89940
89945
89951
89964
89968
89973
90006
90011
90017
90029
90034
90040
90053
90057
90062
90094
90098
90101
90115
90120
90126
90137
90141
90144
90178
90183
90189
90200
90204
90206
90221
90224
90227
90261
90266
90272
90283
90287
90290
90304
90307
90310
90344
90349
90355
90366
90370
90373
90387
90390
90393
90427
90432
90438
90449
90453
90456
90470
90473
90476
90510
90515
90521
90532
90536
90539
90553
90556
90559
90593
90598
90604
90615
90619
90622
90636
90639
90642
90676
90681
90687
90698
90702
90705
90719
90722
90725
90759
90764
90770
90781
90785
90788
90802
90805
90808
90842
90847
90853
90864
90868
90871
90885
90888
90891
90925
90930
90936
90947
90951
90954
90968
90971
90974
91008
91013
91019
91030
91034
91037
91051
91054
91057
91091
91096
91102
91113
91117
91120
91134
91137
91140
91174
91179
91185
91196
91200
91203
91217
91220
91223
91257
91262
91268
91279
91283
91286
91300
91303
91306
91340
91345
91351
91362
91366
91369
91383
91386
91389
91423
91428
91434
91445
91449
91452
91466
91469
91472
91506
91511
91517
91528
91532
91535
91549
91552
91555
91589
91594
91600
91611
91615
91618
91632
91635
91638
91672
91677
91683
91694
91698
91701
91715
91718
91721
91754
91758
91761
91774
91778
91781
91793
91796
91797
)
;
    flipMap         List<bool> 
6400
(
0
0
0
0
0
0
0
0
0
0
0
0
0
0
0
0
0
0
0
0
0
0
0
0
0
0
0
0
0
0
0
0
0
0
0
0
0
0
0
0
0
0
0
0
0
0
0
0
0
0
0
0
0
0
0
0
0
0
0
0
0
0
0
0
0
0
0
0
0
0
0
0
0
0
0
0
0
0
0
0
0
0
0
0
0
0
0
0
0
0
0
0
0
0
0
0
0
0
0
0
0
0
0
0
0
0
0
0
0
0
0
0
0
0
0
0
0
0
0
0
0
0
0
0
0
0
0
0
0
0
0
0
0
0
0
0
0
0
0
0
0
0
0
0
0
0
0
0
0
0
0
0
0
0
0
0
0
0
0
0
0
0
0
0
0
0
0
0
0
0
0
0
0
0
0
0
0
0
0
0
0
0
0
0
0
0
0
0
0
0
0
0
0
0
0
0
0
0
0
0
0
0
0
0
0
0
0
0
0
0
0
0
0
0
0
0
0
0
0
0
0
0
0
0
0
0
0
0
0
0
0
0
0
0
0
0
0
0
0
0
0
0
0
0
0
0
0
0
0
0
0
0
0
0
0
0
0
0
0
0
0
0
0
0
0
0
0
0
0
0
0
0
0
0
0
0
0
0
0
0
0
0
0
0
0
0
0
0
0
0
0
0
0
0
0
0
0
0
0
0
0
0
0
0
0
0
0
0
0
0
0
0
0
0
0
0
0
0
0
0
0
0
0
0
0
0
0
0
0
0
0
0
0
0
0
0
0
0
0
0
0
0
0
0
0
0
0
0
0
0
0
0
0
0
0
0
0
0
0
0
0
0
0
0
0
0
0
0
0
0
0
0
0
0
0
0
0
0
0
0
0
0
0
0
0
0
0
0
0
0
0
0
0
0
0
0
0
0
0
0
1
1
1
1
1
1
1
1
1
1
1
1
1
1
1
1
1
1
1
1
1
1
1
1
1
1
1
1
1
1
1
1
1
1
1
1
1
1
1
1
1
1
1
1
1
1
1
1
1
1
1
1
1
1
1
1
1
1
1
1
1
1
1
1
1
1
1
1
1
1
1
1
1
1
1
1
1
1
1
1
1
1
1
1
1
1
1
1
1
1
1
1
1
1
1
1
1
1
1
1
1
1
1
1
1
1
1
1
1
1
1
1
1
1
1
1
1
1
1
1
1
1
1
1
1
1
1
1
1
1
1
1
1
1
1
1
1
1
1
1
1
1
1
1
1
1
1
1
1
1
1
1
1
1
1
1
1
1
1
1
1
1
1
1
1
1
1
1
1
1
1
1
1
1
1
1
1
1
1
1
1
1
1
1
1
1
1
1
1
1
1
1
1
1
1
1
1
1
1
1
1
1
1
1
1
1
1
1
1
1
1
1
1
1
1
1
1
1
1
1
1
1
1
1
1
1
1
1
1
1
1
1
1
1
1
1
1
1
1
1
1
1
1
1
1
1
1
1
1
1
1
1
1
1
1
1
1
1
1
1
1
1
1
1
1
1
1
1
1
1
1
1
1
1
1
1
1
1
1
1
1
1
1
1
1
1
1
1
1
1
1
1
1
1
1
1
1
1
1
1
1
1
1
1
1
1
1
1
1
1
1
1
1
1
1
1
1
1
1
1
1
1
1
1
1
1
1
1
1
1
1
1
1
1
1
1
1
1
1
1
1
1
1
1
1
1
1
1
1
1
1
1
1
1
1
1
1
1
1
1
1
1
1
1
1
1
1
1
1
1
1
1
1
1
1
1
1
1
1
1
1
1
1
1
1
1
1
1
1
1
1
1
1
1
1
1
1
1
1
1
1
1
1
1
1
1
1
1
1
1
1
1
1
1
1
1
1
1
1
1
1
1
1
1
1
1
1
1
1
1
1
1
1
1
1
1
1
1
1
1
1
1
1
1
1
1
1
1
1
1
1
1
1
1
1
1
1
1
1
1
1
1
1
1
1
1
1
1
1
1
1
1
1
1
1
1
1
1
1
1
1
1
1
1
1
1
1
1
1
1
1
1
1
1
1
1
1
1
1
1
1
1
1
1
1
1
1
1
1
1
1
1
1
1
1
1
1
1
1
1
1
1
1
1
1
1
1
1
1
1
1
1
1
1
1
1
1
1
1
1
1
1
1
1
1
1
1
1
1
1
1
1
1
1
1
1
1
1
1
1
1
1
1
1
1
1
1
1
1
1
1
1
1
1
1
1
1
1
1
1
1
1
1
1
1
1
1
1
1
1
1
1
1
1
1
1
1
1
1
1
1
1
1
1
1
1
1
1
1
1
1
1
1
1
1
1
1
1
1
1
1
1
1
1
1
1
1
1
1
1
1
1
1
1
1
1
1
1
1
1
1
1
1
1
1
1
1
1
1
1
1
1
1
1
1
1
1
1
1
1
1
1
1
1
1
1
1
1
1
1
1
1
1
1
1
1
1
1
1
1
1
1
1
1
1
1
1
1
1
1
1
1
1
1
1
1
1
1
1
1
1
1
1
1
1
1
1
1
1
1
1
1
1
1
1
1
1
1
1
1
1
1
1
1
1
1
1
1
1
1
1
1
1
1
1
1
1
1
1
1
1
1
1
1
1
1
1
1
1
1
1
1
1
1
1
1
1
1
1
1
1
1
1
1
1
1
1
1
1
1
1
1
1
1
1
1
1
1
1
1
1
1
1
1
1
1
1
1
1
1
1
1
1
1
1
1
1
1
1
1
1
1
1
1
1
1
1
1
1
1
1
1
1
1
1
1
1
1
1
1
1
1
1
1
1
1
1
1
1
1
1
1
1
1
1
1
1
1
1
1
1
1
1
1
1
1
1
1
1
1
1
1
1
1
1
1
1
1
1
1
1
1
1
1
1
1
1
1
1
1
1
1
1
1
1
1
1
1
1
1
1
1
1
1
1
1
1
1
1
1
1
1
1
1
1
1
1
1
1
1
1
1
1
1
1
1
1
1
1
1
1
1
1
1
1
1
1
1
1
1
1
1
1
1
1
1
1
1
1
1
1
1
1
1
1
1
1
1
1
1
1
1
1
1
1
1
1
1
1
1
1
1
1
1
1
1
1
1
1
1
1
1
1
1
1
1
1
1
1
1
1
1
1
1
1
1
1
1
1
1
1
1
1
1
1
1
1
1
1
1
1
1
1
1
1
1
1
1
1
1
1
1
1
1
1
1
1
1
1
1
1
1
1
1
1
1
1
1
1
1
1
1
1
1
1
1
1
1
1
1
1
1
1
1
1
1
1
1
1
1
1
1
1
1
1
1
1
1
1
1
1
1
1
1
1
1
1
1
1
1
1
1
1
1
1
1
1
1
1
1
1
1
1
1
1
1
1
1
1
1
1
1
1
1
1
1
1
1
1
1
1
1
1
1
1
1
1
1
1
1
1
1
1
1
1
1
1
1
1
1
1
1
1
1
1
1
1
1
1
1
1
1
1
1
1
1
1
1
1
1
1
1
1
1
1
1
1
1
1
1
1
1
1
1
1
1
1
1
1
1
1
1
1
1
1
1
1
1
1
1
1
1
1
1
1
1
1
1
1
1
1
1
1
1
1
1
1
1
1
1
1
1
1
1
1
1
1
1
1
1
1
1
1
1
1
1
1
1
1
1
0
0
0
0
0
0
0
0
0
0
0
0
0
0
0
0
0
0
0
0
0
0
0
0
0
0
0
0
0
0
0
0
0
0
0
0
0
0
0
0
0
0
0
0
0
0
0
0
0
0
0
0
0
0
0
0
0
0
0
0
0
0
0
0
0
0
0
0
0
0
0
0
0
0
0
0
0
0
0
0
0
0
0
0
0
0
0
0
0
0
0
0
0
0
0
0
0
0
0
0
0
0
0
0
0
0
0
0
0
0
0
0
0
0
0
0
0
0
0
0
0
0
0
0
0
0
0
0
0
0
0
0
0
0
0
0
0
0
0
0
0
0
0
0
0
0
0
0
0
0
0
0
0
0
0
0
0
0
0
0
0
0
0
0
0
0
0
0
0
0
0
0
0
0
0
0
0
0
0
0
0
0
0
0
0
0
0
0
0
0
0
0
0
0
0
0
0
0
0
0
0
0
0
0
0
0
0
0
0
0
0
0
0
0
0
0
0
0
0
0
0
0
0
0
0
0
0
0
0
0
0
0
0
0
0
0
0
0
0
0
0
0
0
0
0
0
0
0
0
0
0
0
0
0
0
0
0
0
0
0
0
0
0
0
0
0
0
0
0
0
0
0
0
0
0
0
0
0
0
0
0
0
0
0
0
0
0
0
0
0
0
0
0
0
0
0
0
0
0
0
0
0
0
0
0
0
0
0
0
0
0
0
0
0
0
0
0
0
0
0
0
0
0
0
0
0
0
0
0
0
0
0
0
0
0
0
0
0
0
0
0
0
0
0
0
0
0
0
0
0
0
0
0
0
0
0
0
0
0
0
0
0
0
0
0
0
0
0
0
0
0
0
0
0
0
0
0
0
0
0
0
0
0
0
0
0
0
0
0
0
0
0
0
0
0
0
0
0
0
0
0
0
0
0
0
0
0
0
0
0
0
0
0
0
0
0
0
0
0
0
0
0
0
0
0
0
0
0
0
0
0
0
0
0
0
0
0
0
0
0
0
0
0
0
0
0
0
0
0
0
0
0
0
0
0
0
0
0
0
0
0
0
0
0
0
0
0
0
0
0
0
0
0
0
0
0
0
0
0
0
0
0
0
0
0
0
0
0
0
0
0
0
0
0
0
0
0
0
0
0
0
0
0
0
0
0
0
0
0
0
0
0
0
0
0
0
0
0
0
0
0
0
0
0
0
0
0
0
0
0
0
0
0
0
0
0
0
0
0
0
0
0
0
0
0
0
0
0
0
0
0
0
0
0
0
0
0
0
0
0
0
0
0
0
0
0
0
0
0
0
0
0
0
0
0
0
0
0
0
0
0
0
0
0
0
0
0
0
0
0
0
0
0
0
0
0
0
0
0
0
0
0
0
0
0
0
0
0
0
0
0
0
0
0
0
0
0
0
0
0
0
0
0
0
0
0
0
0
0
0
0
0
0
0
0
0
0
0
0
0
0
0
0
0
0
0
0
0
0
0
0
0
0
0
0
0
0
0
0
0
0
0
0
0
0
0
0
0
0
0
0
0
0
0
0
0
0
0
0
0
0
0
0
0
0
0
0
0
0
0
0
0
0
0
0
0
0
0
0
0
0
0
0
0
0
0
0
0
0
0
0
0
0
0
0
0
0
0
0
0
0
0
0
0
0
0
0
0
0
0
0
0
0
0
0
0
0
0
0
0
0
0
0
0
0
0
0
0
0
0
0
0
0
0
0
0
0
0
0
0
0
0
0
0
0
0
0
0
0
0
0
0
0
0
0
0
0
0
0
0
0
0
0
0
0
0
0
0
0
0
0
0
0
0
0
0
0
0
0
0
0
0
0
0
0
0
0
0
0
0
0
0
0
0
0
0
0
0
0
0
0
0
0
0
0
0
0
0
0
0
0
0
0
0
0
0
0
0
0
0
0
0
0
0
0
0
0
0
0
0
0
0
0
0
0
0
0
0
0
0
0
0
0
0
0
0
0
0
0
0
0
0
0
0
0
0
0
0
0
0
0
0
0
0
0
0
0
0
0
0
0
0
0
0
0
0
0
0
0
0
0
0
0
0
0
0
0
0
0
0
0
0
0
0
0
0
0
0
0
0
0
0
0
0
0
0
0
0
0
0
0
0
0
0
0
0
0
0
0
0
0
0
0
0
0
0
0
0
0
0
0
0
0
0
0
0
0
0
0
0
0
0
0
0
0
0
0
0
0
0
0
0
0
0
0
0
0
0
0
0
0
0
0
0
0
0
0
0
0
0
0
0
0
0
0
0
0
0
0
0
0
0
0
0
0
0
0
0
0
0
0
0
0
0
0
0
0
0
0
0
0
0
0
0
0
0
0
0
0
0
0
0
0
0
0
0
0
0
0
0
0
0
0
0
0
0
0
0
0
0
0
0
0
0
0
0
0
0
0
0
0
0
0
0
0
0
0
0
0
0
0
0
0
0
0
0
0
0
0
0
0
0
0
0
0
0
0
0
0
0
0
0
0
0
0
0
0
0
0
0
0
0
0
0
0
0
0
0
0
0
0
0
0
0
0
0
0
0
0
0
0
0
0
0
0
0
0
0
0
0
0
0
0
0
0
0
0
0
0
0
0
0
0
0
0
0
0
0
0
0
0
0
0
0
0
0
0
0
0
0
0
0
0
0
0
0
0
0
0
0
0
0
0
0
0
0
0
0
0
0
0
0
0
0
0
0
0
0
0
0
0
0
0
0
0
0
0
0
0
0
1
1
1
1
1
1
1
1
1
1
1
1
1
1
1
1
1
1
1
1
1
1
1
1
1
1
1
1
1
1
1
1
1
1
1
1
1
1
1
1
1
1
1
1
1
1
1
1
1
1
1
1
1
1
1
1
1
1
1
1
1
1
1
1
1
1
1
1
1
1
1
1
1
1
1
1
1
1
1
1
1
1
1
1
1
1
1
1
1
1
1
1
1
1
1
1
1
1
1
1
1
1
1
1
1
1
1
1
1
1
1
1
1
1
1
1
1
1
1
1
1
1
1
1
1
1
1
1
1
1
1
1
1
1
1
1
1
1
1
1
1
1
1
1
1
1
1
1
1
1
1
1
1
1
1
1
1
1
1
1
1
1
1
1
1
1
1
1
1
1
1
1
1
1
1
1
1
1
1
1
1
1
1
1
1
1
1
1
1
1
1
1
1
1
1
1
1
1
1
1
1
1
1
1
1
1
1
1
1
1
1
1
1
1
1
1
1
1
1
1
1
1
1
1
1
1
1
1
1
1
1
1
1
1
1
1
1
1
1
1
1
1
1
1
1
1
1
1
1
1
1
1
1
1
1
1
1
1
1
1
1
1
1
1
1
1
1
1
1
1
1
1
1
1
1
1
1
1
1
1
1
1
1
1
1
1
1
1
1
1
1
1
1
1
1
1
1
1
1
1
1
1
1
1
1
1
1
1
1
1
1
1
1
1
1
1
1
1
1
1
1
1
1
1
1
1
1
1
1
1
1
1
1
1
1
1
1
1
1
1
1
1
1
1
1
1
1
1
1
1
1
1
1
1
1
1
1
1
1
1
1
1
1
1
1
1
1
1
1
1
1
1
1
1
1
1
1
1
1
1
1
1
1
1
1
1
1
1
1
1
1
1
1
1
1
1
1
1
1
1
1
1
1
1
1
1
1
1
1
1
1
1
1
1
1
1
1
1
1
1
1
1
1
1
1
1
1
1
1
1
1
1
1
1
1
1
1
1
1
1
1
1
1
1
1
1
1
1
1
1
1
1
1
1
1
1
1
1
1
1
1
1
1
1
1
1
1
1
1
1
1
1
1
1
1
1
1
1
1
1
1
1
1
1
1
1
1
1
1
1
1
1
1
1
1
1
1
1
1
1
1
1
1
1
1
1
1
1
1
1
1
1
1
1
1
1
1
1
1
1
1
1
1
1
1
1
1
1
1
1
1
1
1
1
1
1
1
1
1
1
1
1
1
1
1
1
1
1
1
1
1
1
1
1
1
1
1
1
1
1
1
1
1
1
1
1
1
1
1
1
1
1
1
1
1
1
1
1
1
1
1
1
1
1
1
1
1
1
1
1
1
1
1
1
1
1
1
1
1
1
1
1
1
1
1
1
1
1
1
1
1
1
1
1
1
1
1
1
1
1
1
1
1
1
1
1
1
1
1
1
1
1
1
1
1
1
1
1
1
1
1
1
1
1
1
1
1
1
1
1
1
1
1
1
1
1
1
1
1
1
1
1
1
1
1
1
1
1
1
1
1
1
1
1
1
1
1
1
1
1
1
1
1
1
1
1
1
1
1
1
1
1
1
1
1
1
1
1
1
1
1
1
1
1
1
1
1
1
1
1
1
1
1
1
1
1
1
1
1
1
1
1
1
1
1
1
1
1
1
1
1
1
1
1
1
1
1
1
1
1
1
1
1
1
1
1
1
1
1
1
1
1
1
1
1
1
1
1
1
1
1
1
1
1
1
1
1
1
1
1
1
1
1
1
1
1
1
1
1
1
1
1
1
1
1
1
1
1
1
1
1
1
1
1
1
1
1
1
1
1
1
1
1
1
1
1
1
1
1
1
1
1
1
1
1
1
1
1
1
1
1
1
1
1
1
1
1
1
1
1
1
1
1
1
1
1
1
1
1
1
1
1
1
1
1
1
1
1
1
1
1
1
1
1
1
1
1
1
1
1
1
1
1
1
1
1
1
1
1
1
1
1
1
1
1
1
1
1
1
1
1
1
1
1
1
1
1
1
1
1
1
1
1
1
1
1
1
1
1
1
1
1
1
1
1
1
1
1
1
1
1
1
1
1
1
1
1
1
1
1
1
1
1
1
1
1
1
1
1
1
1
1
1
1
1
1
1
1
1
1
1
1
1
1
1
1
1
1
1
1
1
1
1
1
1
1
1
1
1
1
1
1
1
1
1
1
1
1
1
1
1
1
1
1
1
1
1
1
1
1
1
1
1
1
1
1
1
1
1
1
1
1
1
1
1
1
1
1
1
1
1
1
1
1
1
1
1
1
1
1
1
1
1
1
1
1
1
1
1
1
1
1
1
1
1
1
1
1
1
1
1
1
1
1
1
1
1
1
1
1
1
1
1
1
1
1
1
1
1
1
1
1
1
1
1
1
1
1
1
1
1
1
1
1
1
1
1
1
1
1
1
1
1
1
1
1
1
1
1
1
1
1
1
1
1
1
1
1
1
1
1
1
1
1
1
1
1
1
1
1
1
1
1
1
1
1
1
1
1
1
1
1
1
1
1
1
1
1
1
1
1
1
1
1
1
1
1
1
1
1
1
1
1
1
1
1
1
1
1
1
1
1
1
1
1
1
1
1
1
1
1
1
1
1
1
1
1
1
1
1
1
1
1
1
1
1
1
1
1
1
1
1
1
1
1
1
1
1
1
1
1
1
1
1
1
1
1
1
1
1
1
1
1
1
1
1
1
1
1
1
1
1
1
1
1
1
1
1
1
1
1
1
1
1
1
1
1
1
1
1
1
1
1
1
1
1
1
1
1
1
1
1
1
1
1
1
1
1
1
1
1
1
1
1
1
1
1
1
1
1
1
1
1
1
1
1
1
1
1
1
1
1
1
1
1
1
1
1
1
1
1
1
1
1
1
1
1
1
1
1
1
1
1
1
1
1
1
1
1
1
1
1
1
1
1
1
1
1
1
1
1
1
1
1
1
1
1
1
1
1
1
1
1
1
1
1
1
1
1
1
1
1
1
1
1
1
1
1
1
1
1
1
1
1
1
1
1
1
1
1
1
1
1
1
1
1
1
1
1
1
1
1
1
1
1
1
1
1
1
1
1
1
1
1
1
1
1
1
1
1
1
1
1
1
1
1
1
1
1
1
1
1
1
1
1
1
1
1
1
1
1
1
1
1
1
1
1
1
1
1
1
1
1
1
1
1
1
1
1
1
1
1
1
1
1
1
1
1
1
1
1
1
1
1
1
1
1
1
1
1
1
1
1
1
1
1
1
1
1
1
1
1
1
1
1
1
1
1
1
1
1
1
1
1
1
1
1
1
1
1
1
1
1
1
1
1
1
1
1
1
1
1
1
1
1
1
1
1
1
1
1
1
1
1
1
1
1
1
1
1
1
1
1
1
1
1
1
1
1
1
1
1
1
1
1
1
1
1
1
1
1
1
1
1
1
1
1
1
1
1
1
1
1
1
1
1
1
1
1
1
1
1
1
1
1
1
1
1
1
1
1
1
1
1
1
1
1
1
1
1
1
1
1
1
1
1
1
1
1
1
1
1
1
1
1
1
1
1
1
1
1
1
1
1
1
1
1
1
1
1
1
1
1
1
1
1
1
1
1
1
1
1
1
1
1
1
1
1
1
1
1
1
1
1
1
1
1
1
1
1
1
1
1
1
1
1
1
1
1
1
1
1
1
1
1
1
1
1
1
1
1
1
1
1
1
1
1
1
1
1
1
1
1
1
1
1
1
1
1
1
1
1
1
1
1
1
1
1
1
1
1
1
1
1
1
1
1
1
1
1
1
1
1
1
1
1
1
1
1
1
1
1
1
1
1
1
1
1
1
1
1
1
1
1
1
1
1
1
1
1
1
1
1
1
1
1
1
1
1
1
1
1
1
1
1
1
1
1
1
1
1
1
1
1
1
1
1
1
1
1
1
1
1
1
1
1
1
1
1
1
1
1
1
1
1
1
1
1
1
1
1
1
1
1
1
1
1
1
1
1
1
1
1
1
1
1
1
1
1
1
1
1
1
1
1
1
1
1
1
1
1
1
1
1
1
1
1
1
1
1
1
1
1
1
1
1
1
1
1
1
1
1
1
1
1
1
1
1
1
1
1
1
1
1
1
1
1
1
1
1
1
1
1
1
1
1
1
1
1
1
1
1
1
1
1
1
1
1
1
1
1
1
1
1
1
1
1
1
1
1
1
1
1
1
1
1
1
1
1
1
1
1
1
1
1
1
1
1
1
1
1
1
1
1
1
1
1
1
1
1
1
1
1
1
1
1
1
1
1
1
1
1
1
1
1
1
1
1
1
1
1
1
1
1
1
1
1
1
1
1
1
1
1
1
1
1
1
1
1
1
1
1
1
1
1
1
1
1
1
1
1
1
1
1
1
1
1
1
1
1
1
1
1
1
1
1
1
1
1
1
1
1
1
1
1
1
1
1
1
1
1
1
1
1
1
1
1
1
1
1
1
1
1
1
1
1
1
1
1
1
1
1
1
1
1
1
1
1
1
1
1
1
1
1
1
1
1
1
1
1
1
1
1
1
1
1
1
1
1
1
1
1
1
1
1
1
1
1
1
1
1
1
1
1
1
1
1
1
1
1
1
1
1
1
1
1
1
1
1
1
1
1
1
1
1
1
1
1
1
1
1
1
1
1
1
1
1
1
1
1
1
1
1
1
1
1
1
1
1
1
1
1
1
1
1
1
1
1
1
1
1
1
1
1
1
1
1
1
1
1
1
1
1
1
1
1
1
1
1
1
1
1
1
1
1
1
1
1
1
1
1
1
1
1
1
1
1
1
1
1
1
1
1
1
1
1
1
1
1
1
1
1
1
1
1
1
1
1
1
1
1
1
1
1
1
1
1
1
1
1
1
1
1
1
1
1
1
1
1
1
1
1
1
1
1
1
1
1
1
1
1
1
1
1
1
1
1
1
1
1
1
1
1
1
1
1
1
1
1
1
1
1
1
1
1
1
1
1
1
1
1
1
1
1
1
1
1
1
1
1
1
1
1
1
1
1
1
1
1
1
1
1
1
1
1
1
1
1
1
1
1
1
1
1
1
1
1
1
1
1
1
1
1
1
1
1
1
1
1
1
1
1
1
1
1
1
1
1
1
1
1
1
1
1
1
1
1
1
1
1
1
1
1
1
1
1
1
1
1
1
1
1
1
1
1
1
1
1
1
1
1
1
1
1
1
1
1
1
1
1
1
1
1
1
1
1
1
1
1
1
1
1
1
1
1
1
1
1
1
1
1
1
1
1
1
1
1
1
1
1
1
1
1
1
1
1
1
1
1
1
1
1
1
1
1
1
1
1
1
1
1
1
1
1
1
1
1
1
1
1
1
1
1
1
1
1
1
1
1
1
1
1
1
1
1
1
1
1
1
1
1
1
1
1
1
1
1
1
1
1
1
1
1
1
1
1
1
1
1
1
1
1
1
1
1
1
1
1
1
1
1
1
1
1
1
1
1
1
1
1
1
1
1
1
1
1
1
1
1
1
1
1
1
1
1
1
1
1
1
1
1
1
1
1
1
1
1
1
1
1
1
1
1
1
1
1
1
1
1
1
1
1
1
1
1
1
1
1
1
1
1
1
1
1
1
1
1
1
1
1
1
1
1
1
1
1
1
1
1
1
1
1
1
1
1
1
1
1
1
1
1
1
1
1
1
1
1
1
1
1
1
1
1
1
1
1
1
1
1
1
1
1
1
1
1
1
1
1
1
1
1
1
1
1
1
1
1
1
1
1
1
1
1
1
1
1
1
1
1
1
1
1
1
1
1
1
1
1
1
1
1
1
1
1
1
1
1
1
1
1
1
1
1
1
1
1
1
1
1
1
1
1
1
1
1
1
1
1
1
1
1
1
1
1
1
1
1
1
1
1
1
1
1
1
1
1
1
1
1
1
1
1
1
1
1
1
1
1
1
1
1
1
1
1
1
1
1
1
1
1
1
1
1
1
1
1
1
1
1
1
1
1
1
1
1
1
1
1
1
1
1
1
1
1
1
1
1
1
1
1
1
1
1
1
1
1
1
1
1
1
1
1
1
1
1
1
1
1
1
1
1
1
1
1
1
1
1
1
1
1
1
1
1
1
1
1
1
1
1
1
1
1
1
1
1
1
1
1
1
1
1
1
1
1
1
1
1
1
1
1
1
1
1
1
1
1
1
1
1
1
1
1
1
1
1
1
1
1
1
1
1
1
1
1
1
1
1
1
1
1
1
1
1
1
1
1
1
1
1
1
1
1
1
1
1
1
1
1
1
1
1
1
1
1
1
1
1
1
1
1
1
1
1
1
1
1
1
1
1
1
1
1
1
1
1
1
1
1
1
1
1
1
1
1
1
1
1
1
1
1
1
1
1
1
1
1
1
1
1
1
1
1
1
1
1
1
1
1
1
1
1
1
1
1
1
1
1
1
1
1
1
1
1
1
1
1
1
1
1
1
1
1
1
1
1
1
1
1
1
1
1
1
1
1
1
1
1
1
1
1
1
1
1
1
1
1
1
1
1
1
1
1
1
1
1
1
1
1
1
1
1
1
1
1
1
1
1
1
1
1
1
1
1
1
1
1
1
1
1
1
1
1
1
1
1
1
1
1
1
1
1
1
1
1
1
1
1
1
1
1
1
1
1
1
1
1
1
1
1
1
1
1
1
1
1
1
1
1
1
1
1
1
1
1
1
1
1
1
1
1
1
1
1
1
1
1
1
1
1
1
1
1
1
1
1
1
1
1
1
1
1
1
1
1
1
1
1
1
1
1
1
1
1
1
1
1
1
1
1
1
1
1
1
1
1
1
1
1
1
1
1
1
1
1
1
1
1
1
1
1
1
1
1
1
1
1
1
1
1
1
1
1
1
1
1
1
1
1
1
1
1
1
1
1
1
1
1
1
1
1
1
1
1
1
1
1
1
1
1
1
1
1
1
1
1
1
1
1
1
1
1
1
1
1
1
1
1
1
1
1
1
1
1
1
1
1
1
1
1
1
1
1
1
1
1
1
1
1
1
1
1
1
1
1
1
1
1
1
1
1
1
1
1
1
1
1
1
1
1
1
1
1
1
1
1
1
1
1
1
1
1
1
1
1
1
1
1
1
1
1
1
1
1
1
1
1
1
1
1
1
1
1
1
1
1
1
1
1
1
1
1
1
1
1
1
1
1
1
1
1
1
1
1
1
1
1
1
1
1
1
1
1
1
1
1
1
1
1
1
1
1
1
1
1
1
1
1
1
1
1
1
1
1
1
1
1
1
1
1
1
1
1
1
1
1
1
1
1
1
1
1
1
1
1
1
1
1
1
1
1
1
1
1
1
1
1
1
1
1
1
1
1
1
1
1
1
1
1
1
1
1
1
1
1
1
1
1
1
1
1
1
1
1
1
1
1
1
1
1
1
1
1
1
1
1
1
1
1
1
1
1
1
1
1
1
1
1
1
1
1
1
1
1
1
1
1
1
1
1
1
1
1
1
1
1
1
1
1
1
1
1
1
1
1
1
1
1
1
1
1
1
1
1
1
1
1
1
1
1
1
1
1
1
1
1
1
1
1
1
1
1
1
1
1
1
1
1
1
1
1
1
1
1
1
1
1
1
1
1
1
1
1
1
1
1
1
1
1
1
1
1
1
1
1
1
1
1
1
1
1
1
1
1
1
1
1
1
1
1
1
1
1
1
1
1
1
1
1
1
1
1
1
1
1
1
1
1
1
1
1
1
1
1
1
1
1
1
1
1
1
1
1
1
1
1
1
1
1
1
1
1
1
1
1
1
1
1
1
1
1
1
1
1
1
1
1
1
1
1
1
1
1
1
1
1
1
1
1
1
1
1
1
1
1
1
1
1
1
1
1
1
1
1
1
1
1
1
1
1
1
1
1
1
1
1
1
1
1
1
1
1
1
1
1
1
1
1
1
1
1
1
1
1
1
1
1
1
1
1
1
1
1
1
1
1
1
1
1
1
1
1
1
1
1
1
1
1
1
1
1
1
1
1
1
1
1
1
1
1
1
1
1
1
1
1
1
1
1
1
1
1
1
1
1
1
1
1
1
1
1
1
1
1
1
1
1
1
1
1
1
1
1
1
1
1
1
1
1
1
1
1
1
1
1
1
1
1
1
1
1
1
1
1
1
1
1
1
1
1
1
)
;
}
chip_interface
{
    type            faceZone;
    faceLabels      List<label> 0();
    flipMap         List<bool> 0();
}
)

// ************************************************************************* //
