
                        S T E P       1


                                INCREMENT     1


 temperatures for set N_ALL and time  0.1000000E+01

         1  3.900360E+02
         2  4.382278E+02
         3  3.896272E+02
         4  4.383685E+02
         5  3.898117E+02
         6  3.881080E+02
         7  4.382038E+02
         8  4.381882E+02
         9  3.985708E+02
        10  4.116854E+02
        11  4.229912E+02
        12  4.313306E+02
        13  4.364261E+02
        14  3.859536E+02
        15  3.868298E+02
        16  3.878466E+02
        17  3.863635E+02
        18  3.863431E+02
        19  3.982790E+02
        20  4.116129E+02
        21  4.230221E+02
        22  4.314034E+02
        23  4.364996E+02
        24  4.385288E+02
        25  4.386011E+02
        26  4.386245E+02
        27  4.386129E+02
        28  4.383765E+02
        29  3.860295E+02
        30  3.864969E+02
        31  3.845598E+02
        32  3.846914E+02
        33  3.862017E+02
        34  3.857746E+02
        35  3.831980E+02
        36  3.843377E+02
        37  3.865453E+02
        38  3.858828E+02
        39  3.858638E+02
        40  3.858530E+02
        41  3.844849E+02
        42  3.857441E+02
        43  3.850802E+02
        44  3.984342E+02
        45  4.115820E+02
        46  4.229428E+02
        47  4.311237E+02
        48  4.364704E+02
        49  4.383742E+02
        50  4.384827E+02
        51  4.385057E+02
        52  4.385935E+02
        53  4.383261E+02
        54  3.986122E+02
        55  4.113512E+02
        56  4.229167E+02
        57  4.312247E+02
        58  4.363095E+02
        59  4.383701E+02
        60  4.386477E+02
        61  4.387566E+02
        62  4.386512E+02
        63  4.383789E+02
        64  4.384923E+02
        65  4.386425E+02
        66  4.386840E+02
        67  4.385781E+02
        68  4.383864E+02
        69  4.177387E+02
        70  4.370872E+02
        71  4.179754E+02
        72  3.953998E+02
        73  4.371032E+02
        74  3.948564E+02
        75  4.341466E+02
        76  4.276080E+02
        77  4.231448E+02
        78  4.093026E+02
        79  4.176526E+02
        80  4.280205E+02
        81  4.232070E+02
        82  4.117509E+02
        83  4.315679E+02
        84  4.276962E+02
        85  4.345850E+02
        86  3.973420E+02
        87  4.046438E+02
        88  4.320392E+02
        89  4.047154E+02
        90  4.344477E+02
        91  3.942903E+02
        92  4.372279E+02
        93  4.274987E+02
        94  4.181814E+02
        95  4.342956E+02
        96  4.079225E+02
        97  4.376956E+02
        98  4.068690E+02
        99  3.935813E+02
       100  4.374338E+02
       101  4.373255E+02
       102  3.938630E+02
       103  3.731500E+02
       104  3.731500E+02
       105  3.731500E+02
       106  3.731500E+02
       107  3.731500E+02
       108  3.731500E+02
       109  3.731500E+02
       110  3.731500E+02
       111  3.731500E+02
       112  3.731500E+02
       113  3.731500E+02
       114  3.731500E+02
       115  3.731500E+02
       116  3.731500E+02
       117  3.731500E+02
       118  3.731500E+02
       119  3.731500E+02
       120  3.731500E+02
       121  3.731500E+02
       122  3.731500E+02
       123  3.731500E+02
       124  3.731500E+02
       125  3.731500E+02
       126  3.731500E+02
       127  3.731500E+02
       128  3.731500E+02
       129  3.731500E+02
       130  3.731500E+02
       131  3.731500E+02
       132  3.731500E+02
       133  3.731500E+02
       134  3.731500E+02
       135  3.731500E+02
       136  3.731500E+02
       137  4.174635E+02
       138  4.368354E+02
       139  4.179372E+02
       140  3.951746E+02
       141  4.369163E+02
       142  3.942001E+02
       143  4.339896E+02
       144  4.275291E+02
       145  4.230602E+02
       146  4.093088E+02
       147  4.175188E+02
       148  4.276916E+02
       149  4.229465E+02
       150  4.111475E+02
       151  4.316354E+02
       152  4.276251E+02
       153  4.344671E+02
       154  3.969895E+02
       155  4.316445E+02
       156  4.044992E+02
       157  4.045277E+02
       158  4.342351E+02
       159  3.946234E+02
       160  4.371580E+02
       161  4.274437E+02
       162  4.179149E+02
       163  4.341362E+02
       164  4.076230E+02
       165  4.375421E+02
       166  4.065034E+02
       167  3.942233E+02
       168  4.372090E+02
       169  4.373101E+02
       170  3.936224E+02
       171  4.390280E+02
       172  4.388532E+02
       173  4.388923E+02
       174  4.389635E+02
       175  4.387841E+02
       176  4.387751E+02
       177  4.387962E+02
       178  4.388090E+02
       179  4.394651E+02
       180  4.390748E+02
       181  4.395532E+02
       182  4.391052E+02
       183  4.394777E+02
       184  4.396618E+02
       185  4.391033E+02
       186  4.391878E+02
       187  4.393372E+02
       188  4.389869E+02
       189  4.388833E+02
       190  4.396461E+02
       191  4.387300E+02
       192  4.388442E+02
       193  4.388236E+02
       194  4.385221E+02
       195  4.391328E+02
       196  4.388385E+02
       197  4.391748E+02
       198  4.387700E+02
       199  4.393700E+02
       200  4.386987E+02
       201  4.385101E+02
       202  4.385344E+02
       203  4.384783E+02
       204  4.393187E+02
       205  4.390023E+02
       206  4.180021E+02
       207  4.282035E+02
       208  3.955908E+02
       209  4.372928E+02
       210  4.347708E+02
       211  3.954538E+02
       212  4.371808E+02
       213  4.044102E+02
       214  4.372417E+02
       215  4.333253E+02
       216  4.329637E+02
       217  4.269695E+02
       218  4.267464E+02
       219  4.180737E+02
       220  4.178986E+02
       221  4.179950E+02
       222  4.060499E+02
       223  4.326813E+02
       224  4.285084E+02
       225  4.178023E+02
       226  4.051604E+02
       227  4.373087E+02
       228  3.941439E+02
       229  4.343776E+02
       230  4.094936E+02
       231  3.927572E+02
       232  4.091911E+02
       233  4.070380E+02
       234  4.259296E+02
       235  4.260159E+02
       236  3.936058E+02
       237  3.940660E+02
       238  4.374377E+02
       239  4.372844E+02
       240  3.945210E+02
       241  4.274152E+02
       242  4.370746E+02
       243  4.166236E+02
       244  4.059472E+02
       245  4.345569E+02
       246  4.369534E+02
       247  3.948049E+02
       248  4.072823E+02
       249  4.087078E+02
       250  4.187227E+02
       251  4.191402E+02
       252  4.274214E+02
       253  4.274307E+02
       254  4.273679E+02
       255  4.338829E+02
       256  4.184270E+02
       257  4.046451E+02
       258  4.275011E+02
       259  4.069437E+02
       260  4.372309E+02
       261  3.940971E+02
       262  3.941519E+02
       263  4.342964E+02
       264  4.376615E+02
       265  4.325371E+02
       266  4.326540E+02
       267  4.337199E+02
       268  4.176853E+02
       269  4.198978E+02
       270  3.936006E+02
       271  3.937391E+02
       272  4.373030E+02
       273  4.373154E+02
       274  4.227861E+02
       275  4.110611E+02
       276  4.149512E+02
       277  4.152589E+02
       278  3.930205E+02
       279  3.911069E+02
       280  3.938363E+02
       281  4.318092E+02
       282  4.372997E+02
       283  3.921411E+02
       284  3.974671E+02
       285  3.941796E+02
       286  4.342328E+02
       287  4.376998E+02
       288  4.376469E+02
       289  4.376805E+02
       290  4.379421E+02
       291  3.926872E+02
       292  4.377282E+02
       293  4.333836E+02
       294  4.351221E+02
       295  3.967437E+02
       296  4.080101E+02
       297  4.157672E+02
       298  4.377132E+02
       299  4.365906E+02
       300  4.371502E+02
       301  4.007681E+02
       302  3.965848E+02
       303  4.111353E+02
       304  4.144892E+02
       305  4.245827E+02
       306  4.256795E+02
       307  4.302884E+02
       308  4.369777E+02
       309  4.335484E+02
       310  4.375685E+02
       311  4.271581E+02
       312  4.377749E+02
       313  4.241859E+02
       314  4.183059E+02
       315  4.123618E+02
       316  3.925784E+02
       317  4.299967E+02
       318  4.367540E+02
       319  4.184628E+02
       320  4.273092E+02
       321  4.363363E+02
       322  4.317117E+02
       323  4.178958E+02
       324  4.056402E+02
       325  3.978591E+02
       326  3.940618E+02
       327  4.275238E+02
       328  4.338619E+02
       329  3.943786E+02
       330  4.208172E+02
       331  4.372534E+02
       332  4.324941E+02
       333  4.316378E+02
       334  3.959522E+02
       335  4.158664E+02
       336  4.286920E+02
       337  3.964385E+02
       338  4.373815E+02
       339  4.116731E+02
       340  4.217057E+02
       341  4.088492E+02
       342  4.312503E+02
       343  4.255585E+02
       344  4.021023E+02
       345  4.380114E+02
       346  3.867101E+02
       347  3.921890E+02
       348  3.873321E+02
       349  4.309885E+02
       350  4.381069E+02
       351  3.868766E+02
       352  4.344310E+02
       353  3.881217E+02
       354  3.890777E+02
       355  4.356885E+02
       356  4.382774E+02
       357  4.382589E+02
       358  4.237538E+02
       359  4.381040E+02
       360  4.381298E+02
       361  4.380729E+02
       362  4.379608E+02
       363  3.879544E+02
       364  3.874263E+02
       365  4.249021E+02
       366  4.380660E+02
       367  3.887204E+02
       368  3.890327E+02
       369  3.891954E+02
       370  3.885900E+02
       371  4.375992E+02
       372  4.380490E+02
       373  4.239799E+02
       374  4.020700E+02
       375  3.864950E+02
       376  4.382897E+02
       377  4.149236E+02
       378  4.108314E+02
       379  4.383549E+02
       380  4.379433E+02
       381  4.381525E+02
       382  4.380879E+02
       383  3.875080E+02
       384  4.381852E+02
       385  3.869750E+02
