/*--------------------------------*- C++ -*----------------------------------*\
| =========                 |                                                 |
| \\      /  F ield         | OpenFOAM: The Open Source CFD Toolbox           |
|  \\    /   O peration     | Version:  2312                                  |
|   \\  /    A nd           | Website:  www.openfoam.com                      |
|    \\/     M anipulation  |                                                 |
\*---------------------------------------------------------------------------*/
FoamFile
{
    version     2.0;
    format      ascii;
    arch        "LSB;label=32;scalar=64";
    class       faceList;
    location    "constant/solid_heatsink/polyMesh";
    object      faces;
}
// * * * * * * * * * * * * * * * * * * * * * * * * * * * * * * * * * * * * * //


2151
(
3(27 238 95)
3(18 238 27)
3(18 95 238)
3(26 284 17)
3(17 284 95)
3(26 95 284)
3(26 284 96)
3(17 96 284)
3(284 95 238)
3(95 17 238)
3(284 95 147)
3(147 95 238)
3(284 147 238)
3(26 147 284)
3(95 147 26)
3(96 147 284)
3(96 26 147)
3(140 238 95)
3(140 27 238)
3(140 95 27)
3(141 105 196)
3(141 45 105)
3(45 196 105)
3(140 147 95)
3(140 238 147)
3(294 104 141)
3(294 44 104)
3(294 141 44)
3(141 104 44)
3(95 140 26)
3(252 141 105)
3(196 252 105)
3(196 141 252)
3(72 246 124)
3(72 81 246)
3(124 246 81)
3(53 143 62)
3(143 116 62)
3(53 116 143)
3(143 62 114)
3(143 114 53)
3(45 105 252)
3(45 252 141)
3(94 28 132)
3(101 94 132)
3(101 132 28)
3(252 104 141)
3(252 294 104)
3(252 141 294)
3(142 71 80)
3(126 71 142)
3(126 142 80)
3(124 80 142)
3(124 142 71)
3(27 94 238)
3(18 238 94)
3(98 240 29)
3(101 240 98)
3(101 29 240)
3(98 240 100)
3(98 30 240)
3(100 240 30)
3(100 21 240)
3(98 240 21)
3(193 132 94)
3(193 94 28)
3(98 240 194)
3(98 194 29)
3(29 194 240)
3(194 30 240)
3(98 30 194)
3(94 238 193)
3(27 193 238)
3(94 193 27)
3(36 252 45)
3(36 105 252)
3(45 104 252)
3(36 252 104)
3(141 45 104)
3(114 143 253)
3(143 62 253)
3(114 253 62)
3(101 240 20)
3(98 20 240)
3(30 136 240)
3(136 100 240)
3(30 100 136)
3(194 136 240)
3(112 146 118)
3(118 146 59)
3(112 59 146)
3(127 122 144)
3(86 144 122)
3(86 127 144)
3(127 77 144)
3(122 144 77)
3(100 298 240)
3(21 298 100)
3(299 143 116)
3(299 62 143)
3(299 116 62)
3(35 294 44)
3(104 294 35)
3(106 294 44)
3(106 35 294)
3(143 212 116)
3(53 116 212)
3(214 142 126)
3(214 126 71)
3(114 143 332)
3(253 114 332)
3(253 332 143)
3(122 261 144)
3(122 86 261)
3(261 86 144)
3(131 82 295)
3(125 131 295)
3(125 295 82)
3(298 136 100)
3(298 240 136)
3(246 142 124)
3(246 80 142)
3(246 124 80)
3(316 252 105)
3(316 105 196)
3(316 196 252)
3(101 94 283)
3(132 283 94)
3(132 101 283)
3(107 215 102)
3(102 215 41)
3(107 41 215)
3(142 72 246)
3(124 72 142)
3(54 332 114)
3(54 143 332)
3(54 114 143)
3(207 325 155)
3(153 155 325)
3(207 153 325)
3(101 19 283)
3(19 94 283)
3(94 193 283)
3(193 132 283)
3(158 256 207)
3(158 163 256)
3(163 207 256)
3(116 299 212)
3(143 212 299)
3(283 238 94)
3(283 94 18)
3(158 256 12)
3(158 12 207)
3(207 12 256)
3(132 195 290)
3(194 290 195)
3(194 132 290)
3(12 325 155)
3(12 155 207)
3(12 207 325)
3(44 213 294)
3(106 294 213)
3(44 106 213)
3(107 215 50)
3(102 50 215)
3(193 283 238)
3(107 215 190)
3(50 107 190)
3(155 325 0)
3(155 0 153)
3(153 0 325)
3(287 126 142)
3(287 142 80)
3(287 80 126)
3(48 197 286)
3(48 286 108)
3(108 286 197)
3(48 108 197)
3(252 35 104)
3(155 12 0)
3(48 137 286)
3(286 137 197)
3(193 205 304)
3(283 304 205)
3(283 193 304)
3(283 205 193)
3(97 300 92)
3(32 92 300)
3(97 32 300)
3(97 300 23)
3(92 23 300)
3(173 166 264)
3(173 264 176)
3(166 176 264)
3(101 290 20)
3(240 290 101)
3(214 142 287)
3(214 287 126)
3(205 195 290)
3(132 205 290)
3(118 68 146)
3(112 146 68)
3(153 245 152)
3(153 151 245)
3(151 152 245)
3(173 257 264)
3(173 166 257)
3(166 264 257)
3(88 158 157)
3(88 157 159)
3(88 159 158)
3(206 152 241)
3(152 245 241)
3(206 241 245)
3(206 245 152)
3(22 31 298)
3(97 22 298)
3(97 298 31)
3(100 31 298)
3(100 298 22)
3(258 257 161)
3(258 161 166)
3(258 166 257)
3(166 161 257)
3(140 193 238)
3(77 192 127)
3(144 127 192)
3(146 191 118)
3(118 191 59)
3(193 149 304)
3(149 205 304)
3(111 286 108)
3(111 48 286)
3(108 39 286)
3(111 286 39)
3(49 190 40)
3(49 111 190)
3(40 190 111)
3(40 107 190)
3(49 190 107)
3(177 228 329)
3(278 177 329)
3(278 329 228)
3(278 228 177)
3(235 97 300)
3(235 23 97)
3(295 125 246)
3(125 72 246)
3(295 72 125)
3(295 246 72)
3(158 1 256)
3(158 163 1)
3(1 163 256)
3(243 295 131)
3(243 131 82)
3(205 195 266)
3(290 266 195)
3(290 205 266)
3(260 169 172)
3(260 167 169)
3(260 172 167)
3(170 195 266)
3(170 266 205)
3(12 158 1)
3(235 298 97)
3(235 97 22)
3(131 295 73)
3(125 73 295)
3(49 111 137)
3(190 137 111)
3(32 145 300)
3(32 92 145)
3(145 92 300)
3(101 283 290)
3(101 290 132)
3(132 290 283)
3(158 90 88)
3(158 157 90)
3(88 90 157)
3(111 48 137)
3(111 137 286)
3(153 245 154)
3(152 154 245)
3(158 1 15)
3(158 15 88)
3(158 88 1)
3(156 157 91)
3(156 91 90)
3(156 90 157)
3(90 91 157)
3(136 31 298)
3(136 100 31)
3(246 81 125)
3(295 125 81)
3(290 101 19)
3(172 324 169)
3(324 260 169)
3(172 260 324)
3(329 134 274)
3(243 274 134)
3(243 134 329)
3(222 179 327)
3(222 327 272)
3(272 327 179)
3(222 272 179)
3(329 134 201)
3(274 201 134)
3(274 329 201)
3(288 76 130)
3(288 139 76)
3(288 130 139)
3(130 76 139)
3(154 0 245)
3(0 153 245)
3(154 153 0)
3(85 288 76)
3(85 130 288)
3(76 127 288)
3(85 288 127)
3(191 68 146)
3(118 68 191)
3(188 300 97)
3(188 32 300)
3(188 97 32)
3(194 136 292)
3(240 292 136)
3(240 194 292)
3(152 241 154)
3(206 154 241)
3(316 36 105)
3(159 88 89)
3(159 89 157)
3(89 88 157)
3(195 266 307)
3(170 195 307)
3(170 307 266)
3(327 271 179)
3(222 271 327)
3(222 179 271)
3(58 236 67)
3(58 120 236)
3(67 236 120)
3(58 236 118)
3(67 118 236)
3(258 1 161)
3(161 1 257)
3(235 97 188)
3(235 188 300)
3(329 177 201)
3(329 201 228)
3(151 245 247)
3(153 247 245)
3(151 247 153)
3(211 136 292)
3(211 292 194)
3(41 302 215)
3(102 215 302)
3(102 302 41)
3(172 324 271)
3(172 271 169)
3(271 324 169)
3(229 284 96)
3(229 147 284)
3(229 96 147)
3(188 97 298)
3(31 188 298)
3(31 97 188)
3(154 14 156)
3(323 14 154)
3(323 154 156)
3(323 156 14)
3(188 145 300)
3(12 158 90)
3(88 158 12)
3(251 3 167)
3(162 167 3)
3(162 251 167)
3(162 3 251)
3(191 306 216)
3(306 236 216)
3(191 236 306)
3(191 216 236)
3(245 241 154)
3(96 229 321)
3(284 321 229)
3(284 96 321)
3(245 206 255)
3(241 255 206)
3(204 13 169)
3(13 242 169)
3(204 169 242)
3(204 242 13)
3(154 155 14)
3(154 14 0)
3(0 14 155)
3(154 0 155)
3(191 306 181)
3(181 306 216)
3(167 324 260)
3(167 169 324)
3(72 202 295)
3(202 125 295)
3(72 125 202)
3(235 298 188)
3(315 130 128)
3(315 128 75)
3(315 75 130)
3(84 315 130)
3(84 128 315)
3(315 83 74)
3(315 74 128)
3(315 128 83)
3(83 131 315)
3(315 131 74)
3(248 108 286)
3(248 286 197)
3(248 197 108)
3(138 120 236)
3(138 236 58)
3(138 58 120)
3(136 298 292)
3(205 283 266)
3(304 205 266)
3(157 204 91)
3(157 13 204)
3(157 91 13)
3(13 91 204)
3(245 152 255)
3(152 206 255)
3(136 188 298)
3(243 73 131)
3(243 295 73)
3(14 156 155)
3(117 120 249)
3(57 249 120)
3(117 249 57)
3(294 141 213)
3(217 261 192)
3(144 192 261)
3(144 261 217)
3(46 316 105)
3(196 316 46)
3(196 46 105)
3(3 324 167)
3(160 3 167)
3(160 167 324)
3(160 324 3)
3(334 285 149)
3(149 285 304)
3(334 149 304)
3(265 296 152)
3(265 152 150)
3(150 152 296)
3(265 150 296)
3(211 195 291)
3(209 211 291)
3(209 291 195)
3(179 242 203)
3(179 169 242)
3(242 169 203)
3(91 156 204)
3(327 223 222)
3(197 223 327)
3(197 327 222)
3(47 312 110)
3(133 110 312)
3(133 47 110)
3(133 312 47)
3(14 156 91)
3(14 90 156)
3(249 66 120)
3(117 66 249)
3(194 195 291)
3(211 194 291)
3(108 312 110)
3(47 312 108)
3(38 108 312)
3(38 312 110)
3(277 220 314)
3(314 220 273)
3(277 273 220)
3(288 76 192)
3(127 192 76)
3(127 288 192)
3(57 249 138)
3(138 249 120)
3(57 138 120)
3(106 232 294)
3(106 319 232)
3(319 294 232)
3(106 294 319)
3(158 161 15)
3(1 15 161)
3(158 1 161)
3(195 291 266)
3(195 290 291)
3(241 14 154)
3(241 154 323)
3(72 202 246)
3(202 295 246)
3(156 2 91)
3(156 204 2)
3(91 2 204)
3(211 173 292)
3(210 292 173)
3(210 211 292)
3(186 258 177)
3(186 166 258)
3(166 177 258)
3(236 191 68)
3(236 68 146)
3(236 146 191)
3(152 245 296)
3(152 265 245)
3(260 3 167)
3(260 167 251)
3(206 273 180)
3(220 273 206)
3(220 180 273)
3(267 173 264)
3(267 264 176)
3(267 176 173)
3(160 13 169)
3(204 13 160)
3(219 293 306)
3(219 306 138)
3(306 293 138)
3(219 138 293)
3(248 222 133)
3(248 197 222)
3(248 133 197)
3(324 169 13)
3(324 242 169)
3(172 260 187)
3(260 280 187)
3(172 280 260)
3(172 187 280)
3(272 222 248)
3(327 248 222)
3(152 296 255)
3(178 296 152)
3(178 152 255)
3(178 255 296)
3(267 173 257)
3(139 192 288)
3(167 260 187)
3(202 227 246)
3(202 246 305)
3(202 305 227)
3(227 305 246)
3(15 158 159)
3(15 159 161)
3(173 311 163)
3(209 163 311)
3(173 209 311)
3(156 323 2)
3(156 2 165)
3(156 165 323)
3(2 323 165)
3(46 316 37)
3(37 316 105)
3(329 269 177)
3(278 177 269)
3(128 315 200)
3(74 128 200)
3(74 200 315)
3(272 271 179)
3(73 134 243)
3(73 131 134)
3(134 131 243)
3(75 315 200)
3(75 200 128)
3(130 239 288)
3(130 139 239)
3(288 239 139)
3(271 172 260)
3(228 243 278)
3(228 278 295)
3(228 295 243)
3(88 15 159)
3(89 159 15)
3(210 176 317)
3(176 189 317)
3(210 317 189)
3(75 315 239)
3(75 239 200)
3(239 315 200)
3(148 149 334)
3(285 149 148)
3(285 148 334)
3(314 198 220)
3(220 198 277)
3(314 277 198)
3(85 130 239)
3(116 212 321)
3(212 229 321)
3(116 321 229)
3(116 229 212)
3(179 242 254)
3(179 254 203)
3(254 242 203)
3(39 248 108)
3(16 25 321)
3(96 321 25)
3(96 16 321)
3(99 25 321)
3(99 321 16)
3(217 288 192)
3(217 261 288)
3(288 261 192)
3(130 315 239)
3(130 239 75)
3(258 278 186)
3(258 177 278)
3(177 186 278)
3(191 236 118)
3(58 236 191)
3(58 191 118)
3(258 186 264)
3(186 166 264)
3(258 264 166)
3(266 170 151)
3(266 247 170)
3(151 170 247)
3(266 151 247)
3(294 310 141)
3(310 252 141)
3(286 223 197)
3(137 223 286)
3(84 239 130)
3(293 236 120)
3(293 120 67)
3(176 317 267)
3(210 267 317)
3(176 267 210)
3(202 73 295)
3(125 73 202)
3(179 271 242)
3(179 169 271)
3(242 271 169)
3(160 89 159)
3(89 3 159)
3(160 3 89)
3(160 159 3)
3(141 213 310)
3(294 310 213)
3(250 15 159)
3(250 159 320)
3(15 320 159)
3(68 236 118)
3(279 306 219)
3(279 219 293)
3(311 163 257)
3(163 173 257)
3(311 257 173)
3(151 266 205)
3(209 211 311)
3(211 291 311)
3(209 311 291)
3(282 216 306)
3(282 236 216)
3(310 234 213)
3(310 141 234)
3(155 157 90)
3(155 90 158)
3(204 203 2)
3(204 242 203)
3(242 2 203)
3(204 2 242)
3(253 198 277)
3(253 226 198)
3(253 277 226)
3(198 226 277)
3(292 313 136)
3(292 136 210)
3(210 136 313)
3(292 210 313)
3(333 234 141)
3(333 141 225)
3(333 225 234)
3(3 250 159)
3(250 162 159)
3(3 159 162)
3(3 162 250)
3(203 165 2)
3(203 2 244)
3(244 2 165)
3(203 244 165)
3(73 134 295)
3(134 243 295)
3(195 291 307)
3(249 199 57)
3(249 138 199)
3(199 117 249)
3(199 57 117)
3(298 188 313)
3(188 235 313)
3(209 207 307)
3(256 307 207)
3(256 207 209)
3(256 209 307)
3(172 222 327)
3(172 327 223)
3(3 15 159)
3(311 256 163)
3(209 163 256)
3(311 209 256)
3(223 248 197)
3(223 327 248)
3(248 327 197)
3(154 0 241)
3(293 138 120)
3(236 138 293)
3(25 229 321)
3(25 96 229)
3(99 229 321)
3(99 25 229)
3(151 152 265)
3(245 151 265)
3(156 90 155)
3(68 301 146)
3(68 112 301)
3(301 112 146)
3(46 316 133)
3(133 316 110)
3(46 110 316)
3(46 133 110)
3(317 145 287)
3(300 287 145)
3(300 145 317)
3(185 244 203)
3(185 254 244)
3(185 203 254)
3(244 254 203)
3(323 154 164)
3(156 323 164)
3(143 299 253)
3(150 308 334)
3(150 296 308)
3(150 334 296)
3(329 269 201)
3(177 201 269)
3(133 248 272)
3(133 272 222)
3(160 324 169)
3(160 13 324)
3(236 191 138)
3(316 133 196)
3(131 243 83)
3(131 315 243)
3(136 313 298)
3(136 188 313)
3(151 150 265)
3(264 305 227)
3(264 227 186)
3(186 227 305)
3(264 186 305)
3(306 138 181)
3(306 181 219)
3(205 283 290)
3(2 204 165)
3(215 237 107)
3(107 237 190)
3(215 190 237)
3(237 41 215)
3(107 41 237)
3(63 332 114)
3(63 54 332)
3(236 301 146)
3(202 246 142)
3(75 239 139)
3(139 239 200)
3(170 307 209)
3(170 207 307)
3(270 206 273)
3(270 180 206)
3(270 273 180)
3(264 278 186)
3(133 224 316)
3(316 224 196)
3(191 138 306)
3(236 306 138)
3(150 149 334)
3(148 150 334)
3(134 295 202)
3(12 158 155)
3(12 155 90)
3(285 140 304)
3(238 140 285)
3(238 304 140)
3(198 332 253)
3(198 277 332)
3(329 228 243)
3(225 196 252)
3(276 252 196)
3(225 252 276)
3(225 276 196)
3(221 263 187)
3(221 184 263)
3(187 263 184)
3(143 198 253)
3(226 143 253)
3(212 321 299)
3(116 299 321)
3(328 199 135)
3(328 135 331)
3(328 331 199)
3(331 135 199)
3(248 38 108)
3(248 108 312)
3(160 89 157)
3(139 75 130)
3(255 206 273)
3(255 270 206)
3(70 231 79)
3(79 231 126)
3(70 126 231)
3(79 129 231)
3(70 231 129)
3(273 255 220)
3(206 220 255)
3(163 257 256)
3(317 176 275)
3(317 275 189)
3(176 189 275)
3(334 265 149)
3(334 150 265)
3(150 149 265)
3(186 202 278)
3(305 278 202)
3(305 202 186)
3(305 186 278)
3(157 13 160)
3(292 311 173)
3(211 173 311)
3(292 211 311)
3(325 307 207)
3(325 207 256)
3(141 252 225)
3(293 249 120)
3(138 249 293)
3(213 232 294)
3(213 106 232)
3(160 3 162)
3(181 306 282)
3(181 282 216)
3(267 176 275)
3(2 14 156)
3(133 316 312)
3(312 316 110)
3(274 134 200)
3(274 200 243)
3(134 243 200)
3(229 52 61)
3(229 61 116)
3(229 116 52)
3(229 119 61)
3(229 52 119)
3(153 325 170)
3(207 170 325)
3(140 149 304)
3(193 140 304)
3(268 269 171)
3(269 201 171)
3(268 171 201)
3(268 201 269)
3(167 187 263)
3(167 263 168)
3(168 263 187)
3(228 329 134)
3(242 244 203)
3(316 272 224)
3(133 272 316)
3(133 224 272)
3(251 171 250)
3(251 250 162)
3(250 171 162)
3(251 162 171)
3(200 274 201)
3(90 155 14)
3(106 319 43)
3(232 43 319)
3(232 106 43)
3(229 212 284)
3(284 212 147)
3(292 173 267)
3(292 267 210)
3(173 210 267)
3(285 140 149)
3(309 192 217)
3(309 288 192)
3(309 217 288)
3(34 319 43)
3(34 106 319)
3(319 43 109)
3(319 109 34)
3(330 297 171)
3(268 171 297)
3(268 330 171)
3(269 268 208)
3(268 250 208)
3(269 208 250)
3(209 195 307)
3(262 181 279)
3(306 279 181)
3(262 306 181)
3(231 318 79)
3(126 79 318)
3(231 126 318)
3(129 231 318)
3(79 129 318)
3(148 150 308)
3(334 148 308)
3(284 321 212)
3(286 223 248)
3(247 151 265)
3(239 274 218)
3(200 239 218)
3(200 274 239)
3(200 218 274)
3(315 274 200)
3(243 315 200)
3(312 272 133)
3(248 312 133)
3(263 167 260)
3(263 260 187)
3(278 202 228)
3(278 295 202)
3(228 202 295)
3(178 296 150)
3(252 141 333)
3(252 234 141)
3(252 333 234)
3(287 142 246)
3(198 143 332)
3(54 198 332)
3(155 0 90)
3(271 254 179)
3(259 244 165)
3(244 175 165)
3(259 175 244)
3(259 165 175)
3(208 250 159)
3(208 159 320)
3(208 320 250)
3(180 135 328)
3(180 328 199)
3(66 120 293)
3(229 61 321)
3(61 116 321)
3(229 119 321)
3(61 321 119)
3(220 255 277)
3(220 277 178)
3(178 277 255)
3(220 178 255)
3(220 314 135)
3(198 135 314)
3(253 114 63)
3(226 296 178)
3(226 277 296)
3(178 296 277)
3(226 178 277)
3(178 206 255)
3(199 56 331)
3(199 331 117)
3(331 56 117)
3(199 117 56)
3(168 167 251)
3(168 260 167)
3(168 251 260)
3(172 222 271)
3(172 271 327)
3(135 220 273)
3(314 135 273)
3(186 228 278)
3(171 183 330)
3(218 330 183)
3(171 330 218)
3(174 181 279)
3(174 279 262)
3(174 262 181)
3(185 244 175)
3(203 175 244)
3(174 279 180)
3(174 270 279)
3(279 270 180)
3(174 180 270)
3(268 201 218)
3(274 201 268)
3(274 268 218)
3(274 218 201)
3(216 213 310)
3(216 310 234)
3(227 264 275)
3(305 227 275)
3(241 154 164)
3(323 241 164)
3(134 228 243)
3(327 280 223)
3(248 223 280)
3(319 232 109)
3(109 232 43)
3(273 328 135)
3(273 135 331)
3(244 185 281)
3(254 281 185)
3(162 251 168)
3(13 89 157)
3(160 89 13)
3(327 280 172)
3(223 172 280)
3(269 171 208)
3(268 208 171)
3(135 273 180)
3(273 328 180)
3(185 281 175)
3(281 244 175)
3(91 89 157)
3(237 221 137)
3(237 190 221)
3(237 137 190)
3(247 170 153)
3(247 153 325)
3(247 325 170)
3(176 264 227)
3(176 186 264)
3(247 0 153)
3(15 320 161)
3(161 320 159)
3(275 287 142)
3(275 142 246)
3(209 291 307)
3(171 183 297)
3(330 297 183)
3(189 145 287)
3(317 145 189)
3(317 189 287)
3(279 181 219)
3(263 168 260)
3(206 241 164)
3(206 270 241)
3(206 164 270)
3(241 270 164)
3(89 90 157)
3(323 164 165)
3(227 246 142)
3(214 287 189)
3(214 145 287)
3(269 201 208)
3(142 189 287)
3(275 189 142)
3(275 287 189)
3(202 305 295)
3(330 218 239)
3(330 274 218)
3(254 185 179)
3(107 237 40)
3(40 237 190)
3(219 138 249)
3(219 249 293)
3(139 239 218)
3(250 162 208)
3(170 325 307)
3(249 219 199)
3(268 171 218)
3(311 173 267)
3(143 308 253)
3(299 308 143)
3(221 137 286)
3(221 286 237)
3(237 286 137)
3(2 13 204)
3(299 212 284)
3(139 330 183)
3(218 330 139)
3(279 219 249)
3(140 285 148)
3(140 147 285)
3(147 148 285)
3(263 326 221)
3(187 221 326)
3(187 326 263)
3(161 1 320)
3(322 144 122)
3(322 122 261)
3(322 261 144)
3(237 302 215)
3(3 13 160)
3(192 183 309)
3(217 309 183)
3(213 301 216)
3(301 310 216)
3(213 310 301)
3(304 265 149)
3(313 317 210)
3(313 210 267)
3(259 2 165)
3(268 171 251)
3(297 251 171)
3(316 196 276)
3(320 161 177)
3(177 161 258)
3(320 177 258)
3(320 258 161)
3(263 280 187)
3(252 333 225)
3(333 276 225)
3(198 314 55)
3(198 115 314)
3(115 55 314)
3(198 55 115)
3(263 168 251)
3(171 268 250)
3(171 250 208)
3(166 257 163)
3(174 279 219)
3(180 219 279)
3(230 122 322)
3(230 144 122)
3(230 322 144)
3(309 139 288)
3(309 239 139)
3(262 175 182)
3(262 182 281)
3(281 182 175)
3(262 281 175)
3(55 135 314)
3(309 183 139)
3(309 139 330)
3(309 330 183)
3(259 174 270)
3(259 279 174)
3(226 308 277)
3(226 253 308)
3(176 264 275)
3(227 176 275)
3(310 252 234)
3(276 281 225)
3(276 225 185)
3(281 185 225)
3(276 185 281)
3(183 289 217)
3(183 184 289)
3(217 289 184)
3(328 249 199)
3(331 199 249)
3(226 150 296)
3(308 226 296)
3(308 150 226)
3(210 313 188)
3(188 313 317)
3(210 188 317)
3(310 234 333)
3(282 333 234)
3(310 282 234)
3(170 307 247)
3(309 139 192)
3(224 276 185)
3(276 254 185)
3(224 185 254)
3(224 254 276)
3(328 180 279)
3(328 270 180)
3(171 297 168)
3(171 168 251)
3(297 251 168)
3(289 288 217)
3(261 289 217)
3(163 1 161)
3(280 271 172)
3(208 161 320)
3(121 314 55)
3(121 135 314)
3(121 55 135)
3(320 208 177)
3(318 287 145)
3(318 145 300)
3(274 201 269)
3(56 331 135)
3(270 164 174)
3(270 259 164)
3(259 174 164)
3(292 211 291)
3(286 223 280)
3(182 333 234)
3(182 234 282)
3(182 282 333)
3(198 115 332)
3(314 198 332)
3(314 332 115)
3(301 294 232)
3(319 301 232)
3(271 179 172)
3(259 323 165)
3(316 276 224)
3(276 272 224)
3(259 175 262)
3(244 262 175)
3(281 333 225)
3(281 225 182)
3(333 182 225)
3(281 182 333)
3(224 196 276)
3(233 215 237)
3(233 237 302)
3(233 302 215)
3(311 307 209)
3(330 218 268)
3(145 231 287)
3(318 287 231)
3(318 231 145)
3(266 151 265)
3(182 262 181)
3(175 181 262)
3(316 37 110)
3(258 177 269)
3(16 284 96)
3(237 233 190)
3(272 179 254)
3(272 224 179)
3(254 179 224)
3(272 254 224)
3(164 180 270)
3(151 149 265)
3(219 328 249)
3(219 199 328)
3(221 303 263)
3(263 303 184)
3(221 184 303)
3(328 279 219)
3(224 276 225)
3(188 235 317)
3(122 123 230)
3(123 87 230)
3(122 230 87)
3(112 113 232)
3(60 112 232)
3(60 232 113)
3(92 318 93)
3(33 93 318)
3(92 33 318)
3(102 322 103)
3(102 42 322)
3(103 322 42)
3(122 78 230)
3(123 230 78)
3(92 318 24)
3(93 24 318)
3(54 115 332)
3(54 198 115)
3(182 262 282)
3(282 262 181)
3(182 282 181)
3(121 115 314)
3(121 314 64)
3(115 64 314)
3(178 198 277)
3(230 302 215)
3(215 302 144)
3(230 144 302)
3(214 231 287)
3(269 177 320)
3(269 208 177)
3(269 320 208)
3(259 323 164)
3(165 259 164)
3(237 289 233)
3(289 302 233)
3(175 259 174)
3(165 174 259)
3(221 137 326)
3(221 326 286)
3(286 326 137)
3(25 96 147)
3(148 226 308)
3(139 239 330)
3(229 119 99)
3(99 119 321)
3(309 217 289)
3(328 180 219)
3(213 301 146)
3(216 146 301)
3(281 282 182)
3(182 281 185)
3(213 301 232)
3(146 232 301)
3(262 259 174)
3(175 262 174)
3(322 87 230)
3(123 322 230)
3(123 87 322)
3(122 322 87)
3(33 231 318)
3(231 93 318)
3(33 93 231)
3(231 92 33)
3(231 318 92)
3(222 272 224)
3(227 142 275)
3(227 275 189)
3(326 223 137)
3(326 221 223)
3(289 309 183)
3(168 184 263)
3(297 263 184)
3(168 263 297)
3(168 297 184)
3(280 223 187)
3(115 332 63)
3(212 116 52)
3(249 331 117)
3(34 106 294)
3(214 70 126)
3(214 126 231)
3(213 301 294)
3(227 275 246)
3(326 237 221)
3(270 323 164)
3(216 310 282)
3(216 282 234)
3(223 286 326)
3(183 297 289)
3(183 184 297)
3(289 297 184)
3(297 168 183)
3(1 163 257)
3(189 317 188)
3(145 188 317)
3(282 301 216)
3(301 236 216)
3(319 69 232)
3(112 232 69)
3(112 69 319)
3(112 319 232)
3(65 331 56)
3(65 117 331)
3(56 121 331)
3(65 331 121)
3(102 230 322)
3(102 302 230)
3(102 322 302)
3(302 322 230)
3(103 51 322)
3(102 322 51)
3(143 226 308)
3(148 143 308)
3(121 331 135)
3(121 135 56)
3(221 237 233)
3(303 326 221)
3(230 51 322)
3(230 322 103)
3(230 103 51)
3(102 230 51)
3(326 187 223)
3(213 106 43)
3(113 69 232)
3(113 232 319)
3(113 319 69)
3(116 299 61)
3(102 215 230)
3(37 110 312)
3(285 148 308)
3(303 184 297)
3(280 326 223)
3(216 282 182)
3(297 309 183)
3(135 314 331)
3(121 331 314)
3(237 303 233)
3(303 289 233)
3(5 229 119)
3(99 229 5)
3(99 5 119)
3(99 4 321)
3(119 4 99)
3(119 321 4)
3(126 79 287)
3(126 287 318)
3(233 289 184)
3(217 289 233)
3(280 326 187)
3(300 24 92)
3(300 92 318)
3(60 112 146)
3(146 112 232)
3(78 144 122)
3(237 303 221)
3(233 221 303)
3(261 87 122)
3(301 112 69)
3(301 319 112)
3(145 92 33)
3(145 231 92)
3(113 232 109)
3(113 109 319)
3(129 93 318)
3(231 93 129)
3(303 289 184)
3(233 303 184)
3(231 129 7)
3(102 215 51)
3(197 47 108)
3(302 102 42)
3(319 109 8)
3(29 101 132)
3(65 117 249)
3(6 129 318)
3(232 9 109)
3(93 318 6)
3(93 6 129)
3(7 231 93)
3(129 7 93)
3(113 232 9)
3(113 9 109)
3(286 40 111)
3(8 113 109)
3(8 319 113)
3(103 123 322)
3(103 230 123)
3(331 64 121)
3(115 64 332)
3(288 127 86)
3(322 123 10)
3(10 103 322)
3(230 11 123)
3(134 74 131)
3(11 230 103)
3(123 10 103)
3(103 11 123)
3(257 163 161)
3(291 290 194)
3(194 290 240)
3(291 194 240)
3(290 29 101)
3(290 132 29)
3(29 240 290)
3(29 290 194)
3(248 47 133)
3(248 312 47)
3(47 197 248)
3(47 248 108)
3(292 291 194)
3(188 317 300)
3(146 216 236)
3(192 86 127)
3(192 144 86)
3(86 288 192)
3(86 192 261)
3(238 285 147)
3(147 285 284)
3(304 265 205)
3(205 265 149)
3(265 205 266)
3(151 205 265)
3(238 304 193)
3(132 205 283)
3(111 40 137)
3(137 40 190)
3(40 137 286)
3(237 137 40)
3(243 74 200)
3(243 315 74)
3(74 134 243)
3(74 243 131)
3(212 285 147)
3(148 285 212)
3(284 212 285)
3(212 285 299)
3(134 228 295)
3(144 217 302)
3(302 217 215)
3(217 302 261)
3(144 261 302)
3(289 217 302)
3(287 126 231)
3(145 92 318)
3(232 112 301)
3(322 302 144)
3(143 308 212)
3(212 308 148)
3(308 212 299)
3(285 212 308)
3(302 233 217)
3(141 196 45)
3(147 26 140)
3(193 28 132)
3(30 136 194)
3(53 212 143)
3(214 71 142)
3(207 155 153)
3(158 207 163)
3(194 195 132)
3(50 190 215)
3(48 197 137)
3(173 176 166)
3(132 195 205)
3(153 152 151)
3(158 159 157)
3(140 27 193)
3(77 144 192)
3(146 59 191)
3(193 205 149)
3(167 172 169)
3(170 205 195)
3(190 49 137)
3(153 154 152)
3(152 154 206)
3(177 228 201)
3(211 194 136)
3(32 145 188)
3(191 181 216)
3(31 188 136)
3(154 155 156)
3(141 44 213)
3(144 217 192)
3(209 195 211)
3(179 203 169)
3(156 157 204)
3(197 222 223)
3(211 195 194)
3(210 173 211)
3(186 177 166)
3(220 206 180)
3(204 160 169)
3(197 133 222)
3(139 76 192)
3(172 167 187)
3(158 161 159)
3(173 163 209)
3(210 189 176)
3(137 197 223)
3(151 205 170)
3(141 213 234)
3(155 158 157)
3(225 141 234)
3(138 57 199)
3(172 223 222)
3(156 155 157)
3(156 164 154)
3(58 138 191)
3(133 46 196)
3(151 152 150)
3(219 181 138)
3(203 165 204)
3(202 142 72)
3(75 139 200)
3(170 209 207)
3(133 196 224)
3(148 149 150)
3(181 191 138)
3(134 202 73)
3(221 187 184)
3(226 198 143)
3(159 160 157)
3(157 160 204)
3(141 225 196)
3(160 162 167)
3(204 169 203)
3(153 170 207)
3(193 149 140)
3(167 169 160)
3(167 168 187)
3(228 134 201)
3(200 201 134)
3(229 147 212)
3(209 170 195)
3(178 150 152)
3(54 143 198)
3(180 199 135)
3(220 135 198)
3(178 152 206)
3(186 202 228)
3(171 218 183)
3(203 185 175)
3(216 234 213)
3(162 168 167)
3(155 207 158)
3(156 204 165)
3(221 190 137)
3(176 227 186)
3(211 136 210)
3(207 209 163)
3(156 165 164)
3(227 142 202)
3(214 189 145)
3(201 171 208)
3(179 185 203)
3(200 139 218)
3(208 162 159)
3(138 199 219)
3(201 218 171)
3(142 189 214)
3(218 139 183)
3(140 148 147)
3(154 153 155)
3(192 217 183)
3(149 148 140)
3(166 163 173)
3(180 174 219)
3(198 135 55)
3(183 217 184)
3(219 174 181)
3(206 154 164)
3(162 160 159)
3(158 163 161)
3(210 136 188)
3(208 159 161)
3(153 151 170)
3(161 177 208)
3(56 135 199)
3(211 173 209)
3(172 179 169)
3(226 150 178)
3(203 175 165)
3(202 186 227)
3(175 182 181)
3(166 177 161)
3(172 222 179)
3(233 215 190)
3(164 174 180)
3(150 149 151)
3(185 224 225)
3(228 177 186)
3(220 198 178)
3(230 215 144)
3(214 145 231)
3(165 175 174)
3(25 147 229)
3(148 150 226)
3(135 220 180)
3(216 213 146)
3(182 185 225)
3(146 213 232)
3(139 192 183)
3(179 222 224)
3(227 189 142)
3(185 182 175)
3(223 221 137)
3(223 172 187)
3(180 219 199)
3(186 166 176)
3(212 52 229)
3(208 171 162)
3(214 231 70)
3(174 175 181)
3(182 225 234)
3(179 224 185)
3(187 168 184)
3(171 183 168)
3(206 164 180)
3(189 188 145)
3(225 224 196)
3(171 168 162)
3(148 226 143)
3(221 233 190)
3(188 189 210)
3(178 206 220)
3(165 174 164)
3(223 187 221)
3(232 213 43)
3(196 46 45)
3(178 198 226)
3(201 208 177)
3(216 182 234)
3(222 133 224)
3(213 44 43)
3(176 189 227)
3(147 25 26)
3(201 200 218)
3(168 183 184)
3(217 233 184)
3(181 182 216)
3(176 173 210)
3(52 212 53)
3(70 71 214)
3(60 146 232)
3(78 230 144)
3(26 27 140)
3(72 142 71)
3(53 143 54)
3(145 33 231)
3(141 45 44)
3(5 229 52)
3(25 229 5)
3(231 7 70)
3(230 51 215)
3(137 49 48)
3(47 46 133)
3(197 48 47)
3(221 184 233)
3(194 29 30)
3(28 29 132)
3(27 28 193)
3(31 136 30)
3(198 55 54)
3(72 73 202)
3(50 215 51)
3(232 43 9)
3(199 57 56)
3(145 32 33)
3(59 146 60)
3(76 139 75)
3(144 77 78)
3(58 57 138)
3(74 75 200)
3(76 77 192)
3(58 191 59)
3(32 188 31)
3(55 135 56)
3(49 190 50)
3(7 231 33)
3(60 232 9)
3(230 78 11)
3(134 73 74)
3(11 51 230)
3(161 163 166)
3(29 194 132)
3(47 133 197)
3(146 191 216)
3(151 149 205)
3(205 193 132)
3(74 200 134)
3(148 212 147)
3(228 202 134)
3(144 215 217)
3(143 212 148)
3(233 217 215)
3(18 27 95)
3(26 17 95)
3(26 96 17)
3(284 238 17)
3(72 124 81)
3(53 62 116)
3(53 114 62)
3(101 28 94)
3(126 80 71)
3(124 71 80)
3(27 18 94)
3(101 98 29)
3(98 100 30)
3(100 98 21)
3(36 45 105)
3(45 36 104)
3(98 101 20)
3(112 118 59)
3(86 122 127)
3(127 122 77)
3(21 240 298)
3(104 35 44)
3(106 44 35)
3(125 82 131)
3(107 102 41)
3(101 94 19)
3(283 18 238)
3(102 107 50)
3(294 35 252)
3(0 12 325)
3(97 92 32)
3(97 23 92)
3(240 20 290)
3(118 112 68)
3(97 31 22)
3(100 22 31)
3(111 108 48)
3(108 111 39)
3(49 40 111)
3(40 49 107)
3(235 300 23)
3(243 82 295)
3(12 1 256)
3(235 22 298)
3(131 73 125)
3(246 295 81)
3(290 19 283)
3(243 329 274)
3(85 76 130)
3(76 85 127)
3(252 36 316)
3(125 72 81)
3(58 67 120)
3(67 58 118)
3(258 257 1)
3(241 245 255)
3(128 130 75)
3(84 130 128)
3(83 128 74)
3(83 74 131)
3(240 292 298)
3(304 266 283)
3(117 57 120)
3(334 304 285)
3(117 120 66)
3(47 108 110)
3(38 110 108)
3(277 314 273)
3(291 290 266)
3(241 323 14)
3(245 265 296)
3(260 251 3)
3(324 13 242)
3(272 248 327)
3(264 267 257)
3(46 37 105)
3(329 278 269)
3(272 327 271)
3(271 260 324)
3(278 243 295)
3(85 239 288)
3(286 248 39)
3(96 25 16)
3(99 16 25)
3(296 255 245)
3(294 252 310)
3(315 239 84)
3(293 67 236)
3(250 320 15)
3(279 293 306)
3(282 306 236)
3(266 307 291)
3(298 313 235)
3(250 15 3)
3(245 241 0)
3(300 317 287)
3(62 253 299)
3(334 308 296)
3(243 315 83)
3(290 283 266)
3(63 114 54)
3(68 301 236)
3(264 258 278)
3(238 285 304)
3(253 332 277)
3(329 243 278)
3(248 312 38)
3(255 273 270)
3(70 79 126)
3(79 70 129)
3(311 256 257)
3(298 292 313)
3(325 256 307)
3(3 324 260)
3(236 306 293)
3(267 275 317)
3(61 52 116)
3(61 119 52)
3(14 0 241)
3(242 2 244)
3(34 43 106)
3(34 109 43)
3(268 297 330)
3(269 250 268)
3(262 279 306)
3(323 2 14)
3(245 247 265)
3(243 274 315)
3(248 272 312)
3(287 246 80)
3(271 242 254)
3(66 293 249)
3(253 63 332)
3(305 275 264)
3(248 280 327)
3(273 331 328)
3(244 281 254)
3(247 245 0)
3(275 246 287)
3(278 295 305)
3(330 239 274)
3(305 295 246)
3(311 267 292)
3(299 253 308)
3(2 242 13)
3(299 284 321)
3(279 249 293)
3(1 15 320)
3(237 41 302)
3(304 334 265)
3(313 267 317)
3(244 2 259)
3(268 251 297)
3(316 276 252)
3(260 280 263)
3(273 255 277)
3(252 276 333)
3(263 251 260)
3(309 288 239)
3(268 250 251)
3(259 270 279)
3(308 253 277)
3(331 249 328)
3(244 254 242)
3(310 333 282)
3(266 247 307)
3(328 279 270)
3(261 288 289)
3(333 310 252)
3(255 270 241)
3(280 260 271)
3(318 300 287)
3(274 239 315)
3(274 269 268)
3(292 291 311)
3(286 280 248)
3(319 294 301)
3(259 2 323)
3(316 272 276)
3(296 308 277)
3(259 262 244)
3(281 333 276)
3(312 272 316)
3(265 334 296)
3(311 291 307)
3(247 266 265)
3(37 46 110)
3(278 258 269)
3(16 321 284)
3(271 254 272)
3(328 249 279)
3(247 0 325)
3(235 313 317)
3(122 87 123)
3(60 113 112)
3(92 93 33)
3(102 103 42)
3(122 123 78)
3(92 24 93)
3(121 64 115)
3(237 302 289)
3(13 324 3)
3(309 289 288)
3(305 264 278)
3(296 277 255)
3(258 320 269)
3(262 282 281)
3(271 327 280)
3(309 239 330)
3(268 330 274)
3(276 254 281)
3(115 63 54)
3(250 3 251)
3(34 294 319)
3(262 259 279)
3(305 246 275)
3(292 267 313)
3(326 286 237)
3(259 323 270)
3(320 258 1)
3(254 276 272)
3(256 1 257)
3(274 329 269)
3(282 236 301)
3(65 56 117)
3(56 65 121)
3(103 102 51)
3(121 115 55)
3(256 311 307)
3(264 257 258)
3(281 244 262)
3(242 271 324)
3(267 311 257)
3(323 241 270)
3(303 263 326)
3(267 264 275)
3(45 46 105)
3(321 61 299)
3(306 282 262)
3(301 310 282)
3(37 312 316)
3(113 69 112)
3(334 285 308)
3(270 273 328)
3(303 297 263)
3(286 326 280)
3(301 294 310)
3(297 289 309)
3(17 16 284)
3(96 16 17)
3(18 17 238)
3(18 95 17)
3(246 81 80)
3(124 80 81)
3(275 287 317)
3(44 106 43)
3(237 289 303)
3(247 325 307)
3(62 61 116)
3(62 299 61)
3(256 325 12)
3(26 25 96)
3(63 253 62)
3(63 62 114)
3(281 282 333)
3(263 297 251)
3(79 318 287)
3(314 331 273)
3(332 314 277)
3(300 318 24)
3(52 53 116)
3(70 126 71)
3(320 250 269)
3(36 35 104)
3(36 252 35)
3(26 95 27)
3(72 71 124)
3(79 287 80)
3(126 79 80)
3(261 322 87)
3(53 54 114)
3(263 280 326)
3(301 69 319)
3(45 104 44)
3(303 289 297)
3(5 52 119)
3(16 4 321)
3(16 99 4)
3(25 5 99)
3(70 7 129)
3(326 237 303)
3(23 22 235)
3(97 22 23)
3(49 111 48)
3(47 110 46)
3(48 108 47)
3(302 42 322)
3(30 29 98)
3(34 8 109)
3(319 8 34)
3(28 101 29)
3(65 249 331)
3(94 28 27)
3(4 5 119)
3(99 5 4)
3(31 30 100)
3(55 115 54)
3(72 125 73)
3(79 6 318)
3(79 129 6)
3(50 51 102)
3(35 34 106)
3(35 294 34)
3(37 36 105)
3(37 316 36)
3(109 9 43)
3(21 20 240)
3(98 20 21)
3(4 119 61)
3(321 4 61)
3(87 122 86)
3(87 86 261)
3(82 125 81)
3(295 82 81)
3(330 297 309)
3(56 57 117)
3(33 32 92)
3(59 60 112)
3(130 76 75)
3(122 78 77)
3(58 120 57)
3(68 112 69)
3(68 69 301)
3(40 39 111)
3(286 39 40)
3(67 66 120)
3(293 66 67)
3(20 19 290)
3(101 19 20)
3(128 75 74)
3(19 18 283)
3(94 18 19)
3(131 82 83)
3(243 83 82)
3(76 127 77)
3(118 58 59)
3(38 108 39)
3(38 39 248)
3(65 117 66)
3(65 66 249)
3(85 130 84)
3(85 84 239)
3(32 31 97)
3(22 21 298)
3(22 100 21)
3(55 56 121)
3(49 50 107)
3(24 23 300)
3(24 92 23)
3(42 41 102)
3(302 41 42)
3(68 67 118)
3(68 236 67)
3(331 314 64)
3(64 314 332)
3(85 86 127)
3(288 86 85)
3(6 24 318)
3(6 93 24)
3(7 33 93)
3(60 9 113)
3(87 10 123)
3(322 10 87)
3(10 42 103)
3(10 322 42)
3(123 11 78)
3(73 131 74)
3(65 331 64)
3(65 64 121)
3(9 8 113)
3(9 109 8)
3(11 103 51)
3(6 7 93)
3(129 7 6)
3(41 40 107)
3(41 237 40)
3(64 332 63)
3(64 63 115)
3(8 69 113)
3(319 69 8)
3(84 128 83)
3(84 83 315)
3(38 37 110)
3(312 37 38)
3(11 10 103)
3(123 10 11)
3(291 240 290)
3(292 240 291)
3(317 300 235)
3(261 86 288)
3(238 284 285)
3(304 265 266)
3(238 304 283)
3(237 286 40)
3(284 299 285)
3(289 302 261)
3(322 261 302)
3(285 299 308)
3(15 1 88)
3(88 12 90)
3(14 91 90)
3(89 15 88)
3(91 14 2)
3(0 14 90)
3(1 12 88)
3(89 3 15)
3(13 89 91)
3(89 88 90)
3(3 89 13)
3(13 91 2)
3(0 90 12)
3(89 90 91)
)


// ************************************************************************* //
