/*--------------------------------*- C++ -*----------------------------------*\
| =========                 |                                                 |
| \\      /  F ield         | OpenFOAM: The Open Source CFD Toolbox           |
|  \\    /   O peration     | Version:  2312                                  |
|   \\  /    A nd           | Website:  www.openfoam.com                      |
|    \\/     M anipulation  |                                                 |
\*---------------------------------------------------------------------------*/
FoamFile
{
    version     2.0;
    format      ascii;
    arch        "LSB;label=32;scalar=64";
    note        "nPoints:335  nCells:909  nFaces:2151  nInternalFaces:1485";
    class       labelList;
    location    "constant/solid_heatsink/polyMesh";
    object      neighbour;
}
// * * * * * * * * * * * * * * * * * * * * * * * * * * * * * * * * * * * * * //


1485
(
7
21
717
2
3
5
6
716
4
717
5
9
869
6
11
145
729
9
89
751
12
16
698
11
870
18
41
175
759
751
16
50
346
53
134
719
15
40
43
32
755
29
31
25
51
778
31
71
249
20
44
69
49
752
28
60
26
33
852
24
27
34
39
790
57
780
27
776
854
35
776
66
89
780
30
131
31
749
759
45
294
730
78
790
35
48
782
129
81
91
800
38
46
865
90
802
48
818
59
294
727
42
71
64
787
59
744
79
745
54
409
426
486
792
867
101
107
793
116
167
53
397
719
131
177
496
56
57
110
65
143
309
312
752
310
398
755
63
68
360
118
809
66
878
61
100
455
329
904
66
809
105
439
728
80
850
853
72
439
728
175
349
721
67
786
876
308
820
72
485
587
79
397
753
73
93
165
773
749
595
112
250
92
168
876
878
76
109
128
98
821
83
206
642
807
852
474
895
102
877
127
289
113
141
287
214
504
683
111
132
242
130
152
154
170
87
106
146
116
818
138
573
683
847
875
811
865
127
812
361
871
94
112
238
805
96
108
879
466
820
140
222
325
598
139
770
117
134
159
198
105
534
665
172
810
104
196
306
119
158
216
133
262
412
160
770
172
254
771
879
148
796
897
118
851
877
149
266
456
771
880
124
152
195
242
412
183
186
288
692
171
782
134
793
807
144
158
228
122
356
428
135
212
224
631
366
370
667
125
215
227
801
283
445
485
126
235
192
827
202
259
139
148
817
142
167
859
152
529
788
230
332
456
274
381
525
224
416
577
137
166
252
245
824
661
848
160
862
296
366
389
445
540
454
860
487
704
822
228
554
685
153
373
608
160
171
817
173
197
293
388
861
322
412
204
351
433
645
157
264
318
863
283
285
386
576
170
536
207
210
357
478
173
365
399
485
320
352
348
363
198
254
784
277
162
226
243
251
844
164
223
844
301
885
238
387
858
284
299
803
339
306
872
183
343
440
544
247
411
302
225
273
371
187
193
276
257
241
867
893
221
300
698
348
351
363
611
233
375
492
203
303
395
567
188
263
448
237
255
357
199
279
282
465
189
355
772
855
354
371
404
814
850
860
190
857
331
845
234
417
499
215
811
866
275
347
803
349
372
553
646
218
484
534
274
850
365
427
312
470
354
441
544
344
374
454
244
246
573
259
311
863
247
287
348
415
315
337
614
214
693
740
298
343
260
305
350
467
297
465
856
298
685
216
498
537
639
297
465
247
395
411
618
686
526
393
458
470
561
652
242
446
261
281
548
388
441
457
555
574
788
296
575
226
808
883
582
273
834
886
232
808
235
333
507
537
325
394
890
242
413
253
340
688
243
313
543
319
491
707
408
600
741
815
329
386
405
643
400
464
521
813
240
285
576
286
765
376
532
868
251
333
316
575
598
259
299
812
316
642
683
262
525
540
571
257
516
387
659
815
284
806
353
493
740
321
784
400
554
685
332
413
488
530
265
713
280
402
446
824
451
481
338
504
686
874
548
549
568
352
669
424
516
288
322
307
357
367
478
324
328
514
700
339
454
535
653
396
513
656
280
469
530
645
307
367
494
559
321
890
448
276
472
644
795
302
588
314
345
455
679
416
435
413
338
455
679
387
429
465
365
347
350
286
608
612
766
303
389
371
311
804
900
300
355
574
772
450
542
861
421
432
464
521
427
457
476
385
522
567
667
709
392
718
363
611
318
317
810
885
339
535
581
425
444
561
615
320
451
877
441
309
466
578
487
839
409
640
864
458
333
468
381
471
334
666
708
615
368
563
320
350
341
385
891
439
595
375
870
875
426
741
428
346
496
500
677
483
584
663
426
734
479
701
403
431
520
546
813
857
434
801
337
536
336
383
649
384
767
499
690
665
353
720
722
492
567
581
418
462
561
615
434
475
548
549
471
728
513
404
467
651
697
530
702
738
693
388
565
705
370
391
884
359
405
643
406
764
443
471
375
875
436
460
473
545
393
452
663
428
521
556
565
718
511
645
648
678
733
399
377
430
697
386
888
475
653
740
491
489
526
613
378
646
430
777
449
495
569
436
503
747
448
420
451
702
384
736
896
761
785
609
707
479
550
571
463
468
543
733
543
883
565
855
452
498
418
462
891
557
513
516
533
447
426
596
595
582
494
559
560
606
469
538
747
437
641
806
406
701
612
791
499
600
618
690
417
509
730
557
558
618
700
690
546
644
671
795
433
452
502
577
623
614
739
598
449
480
569
519
647
650
438
559
505
512
528
580
473
545
634
733
490
658
515
652
529
687
890
435
550
760
789
437
739
438
637
678
440
488
623
639
460
503
614
708
633
684
692
477
682
881
540
587
726
515
642
587
484
538
461
673
568
664
794
459
668
720
519
502
529
536
666
687
692
604
673
474
602
709
474
632
720
470
610
634
657
839
881
472
481
610
648
726
583
569
686
734
904
607
654
882
544
889
510
610
585
491
870
887
689
696
756
661
506
754
901
566
611
625
636
617
703
713
871
523
653
555
511
531
563
541
573
619
661
756
513
564
509
552
676
783
732
511
648
847
519
616
627
748
902
526
630
572
620
633
684
539
625
630
794
547
647
558
734
693
722
533
564
586
621
637
636
660
737
583
644
557
558
609
535
588
688
533
551
658
726
625
586
637
657
662
616
708
664
678
732
613
894
848
623
541
676
715
819
603
570
897
667
681
580
655
691
860
711
656
712
731
596
741
826
651
899
577
604
563
662
624
684
564
621
656
731
677
578
605
908
679
634
602
896
898
874
597
650
705
619
716
682
582
631
657
662
666
873
585
641
689
710
774
616
677
862
593
626
627
706
746
830
594
628
629
675
775
832
748
833
743
828
640
783
620
702
738
676
825
826
700
704
892
902
895
619
709
747
655
691
723
907
624
691
635
654
659
729
680
630
724
725
636
641
622
864
731
633
651
900
647
650
627
823
831
754
629
761
829
758
898
718
673
722
659
696
714
663
710
732
735
742
842
744
779
787
745
895
713
673
769
687
703
712
711
714
735
763
735
848
688
861
703
864
699
706
757
899
672
779
681
835
695
704
775
902
694
695
734
903
715
819
750
769
695
823
837
768
742
721
706
760
843
727
768
845
905
763
742
738
794
739
825
750
762
764
766
781
765
781
791
753
896
762
907
756
821
897
800
900
802
769
774
792
804
899
796
898
799
816
797
798
763
774
798
786
858
822
816
851
814
797
799
828
838
829
838
830
836
880
836
843
840
841
835
842
866
840
840
841
886
841
846
846
848
850
854
859
852
853
854
854
856
857
858
858
860
862
864
866
867
868
868
870
888
872
873
874
874
876
878
880
881
882
882
884
885
886
886
888
905
889
906
891
893
908
894
901
907
896
898
900
902
904
905
906
906
908
)


// ************************************************************************* //
