/*--------------------------------*- C++ -*----------------------------------*\
| =========                 |                                                 |
| \\      /  F ield         | OpenFOAM: The Open Source CFD Toolbox           |
|  \\    /   O peration     | Version:  2312                                  |
|   \\  /    A nd           | Website:  www.openfoam.com                      |
|    \\/     M anipulation  |                                                 |
\*---------------------------------------------------------------------------*/
FoamFile
{
    version     2.0;
    format      ascii;
    arch        "LSB;label=32;scalar=64";
    class       vectorField;
    location    "constant/solid_heatsink/polyMesh";
    object      points;
}
// * * * * * * * * * * * * * * * * * * * * * * * * * * * * * * * * * * * * * //


335
(
(-0.01 -0.01 0)
(-0.01 0.01 0)
(0.01 -0.01 0)
(0.01 0.01 0)
(-0.05 -0.05 0)
(-0.05 -0.05 -0.01)
(-0.05 0.05 0)
(-0.05 0.05 -0.01)
(0.05 -0.05 0)
(0.05 -0.05 -0.01)
(0.05 0.05 0)
(0.05 0.05 -0.01)
(-0.01 -1.73472e-18 0)
(0.01 -1.73472e-18 0)
(-1.73472e-18 -0.01 0)
(-1.73472e-18 0.01 0)
(-0.05 -0.04 0)
(-0.05 -0.03 0)
(-0.05 -0.02 0)
(-0.05 -0.01 0)
(-0.05 6.93889e-17 0)
(-0.05 0.01 0)
(-0.05 0.02 0)
(-0.05 0.03 0)
(-0.05 0.04 0)
(-0.05 -0.04 -0.01)
(-0.05 -0.03 -0.01)
(-0.05 -0.02 -0.01)
(-0.05 -0.01 -0.01)
(-0.05 6.93889e-17 -0.01)
(-0.05 0.01 -0.01)
(-0.05 0.02 -0.01)
(-0.05 0.03 -0.01)
(-0.05 0.04 -0.01)
(0.05 -0.04 0)
(0.05 -0.03 0)
(0.05 -0.02 0)
(0.05 -0.01 0)
(0.05 6.93889e-17 0)
(0.05 0.01 0)
(0.05 0.02 0)
(0.05 0.03 0)
(0.05 0.04 0)
(0.05 -0.04 -0.01)
(0.05 -0.03 -0.01)
(0.05 -0.02 -0.01)
(0.05 -0.01 -0.01)
(0.05 6.93889e-17 -0.01)
(0.05 0.01 -0.01)
(0.05 0.02 -0.01)
(0.05 0.03 -0.01)
(0.05 0.04 -0.01)
(-0.04 -0.05 -0.01)
(-0.03 -0.05 -0.01)
(-0.02 -0.05 -0.01)
(-0.01 -0.05 -0.01)
(6.93889e-17 -0.05 -0.01)
(0.01 -0.05 -0.01)
(0.02 -0.05 -0.01)
(0.03 -0.05 -0.01)
(0.04 -0.05 -0.01)
(-0.04 -0.05 0)
(-0.03 -0.05 0)
(-0.02 -0.05 0)
(-0.01 -0.05 0)
(6.93889e-17 -0.05 0)
(0.01 -0.05 0)
(0.02 -0.05 0)
(0.03 -0.05 0)
(0.04 -0.05 0)
(-0.04 0.05 -0.01)
(-0.03 0.05 -0.01)
(-0.02 0.05 -0.01)
(-0.01 0.05 -0.01)
(6.93889e-17 0.05 -0.01)
(0.01 0.05 -0.01)
(0.02 0.05 -0.01)
(0.03 0.05 -0.01)
(0.04 0.05 -0.01)
(-0.04 0.05 0)
(-0.03 0.05 0)
(-0.02 0.05 0)
(-0.01 0.05 0)
(6.93889e-17 0.05 0)
(0.01 0.05 0)
(0.02 0.05 0)
(0.03 0.05 0)
(0.04 0.05 0)
(-0.004375 0.004375 0)
(0.0025 0.0025 0)
(-0.00291667 -0.00291667 0)
(0.004375 -0.004375 0)
(-0.05 0.035 -0.005)
(-0.05 0.045 -0.005)
(-0.05 -0.015 -0.005)
(-0.05 -0.025 -0.005)
(-0.05 -0.035 -0.005)
(-0.05 0.025 -0.005)
(-0.05 0.005 -0.005)
(-0.05 -0.045 -0.005)
(-0.05 0.015 -0.005)
(-0.05 -0.005 -0.005)
(0.05 0.035 -0.005)
(0.05 0.045 -0.005)
(0.05 -0.025 -0.005)
(0.05 -0.015 -0.005)
(0.05 -0.035 -0.005)
(0.05 0.025 -0.005)
(0.05 0.005 -0.005)
(0.05 -0.045 -0.005)
(0.05 -0.005 -0.005)
(0.05 0.015 -0.005)
(0.035 -0.05 -0.005)
(0.045 -0.05 -0.005)
(-0.025 -0.05 -0.005)
(-0.015 -0.05 -0.005)
(-0.035 -0.05 -0.005)
(0.005 -0.05 -0.005)
(0.025 -0.05 -0.005)
(-0.045 -0.05 -0.005)
(0.015 -0.05 -0.005)
(-0.005 -0.05 -0.005)
(0.035 0.05 -0.005)
(0.045 0.05 -0.005)
(-0.025 0.05 -0.005)
(-0.015 0.05 -0.005)
(-0.035 0.05 -0.005)
(0.025 0.05 -0.005)
(0.005 0.05 -0.005)
(-0.045 0.05 -0.005)
(0.015 0.05 -0.005)
(-0.005 0.05 -0.005)
(-0.0413397 -0.005 -0.01)
(0.0413397 -0.005 -0.01)
(-0.00468403 0.0415222 -0.01)
(-0.00428098 -0.041006 -0.01)
(-0.0413397 0.015 -0.01)
(0.0413397 0.015 -0.01)
(0.015 -0.0413397 -0.01)
(0.015 0.0413397 -0.01)
(-0.0413397 -0.025 -0.01)
(0.0420408 -0.0245979 -0.01)
(-0.0258673 0.041037 -0.01)
(-0.0258673 -0.041037 -0.01)
(0.0349407 0.041705 -0.01)
(-0.0415323 0.0349576 -0.01)
(0.0349407 -0.041705 -0.01)
(-0.0415323 -0.0349576 -0.01)
(-0.0318517 -0.0315539 -0.01)
(-0.0325415 -0.020259 -0.01)
(-0.0240192 -0.025 -0.01)
(-0.0239962 -0.0150432 -0.01)
(-0.0153552 -0.0200072 -0.01)
(-0.0153545 -0.0100084 -0.01)
(-0.00669735 -0.0150026 -0.01)
(-0.00669775 -0.00500183 -0.01)
(0.00196192 -0.0100007 -0.01)
(0.00196175 -4.2834e-07 -0.01)
(-0.00669853 0.00499962 -0.01)
(0.00196152 0.01 -0.01)
(0.0106218 0.00499993 -0.01)
(-0.0066987 0.0149999 -0.01)
(0.0106218 0.015 -0.01)
(-0.0153589 0.00999993 -0.01)
(0.00196182 -0.0200006 -0.01)
(0.0106219 -0.0150002 -0.01)
(-0.015359 0.02 -0.01)
(0.019282 0.00999999 -0.01)
(0.019282 0.02 -0.01)
(0.019282 -1.42119e-08 -0.01)
(-0.0240147 -0.00500859 -0.01)
(0.0101912 0.0252671 -0.01)
(0.0279423 0.005 -0.01)
(-0.0240192 0.015 -0.01)
(0.0105182 -0.0248206 -0.01)
(0.0192648 -0.0199701 -0.01)
(-0.0238518 0.0247099 -0.01)
(-0.0068448 0.0250631 -0.01)
(-0.0152892 -0.0296606 -0.01)
(0.0279423 -0.005 -0.01)
(0.0012647 -0.0313495 -0.01)
(0.019675 -0.0314569 -0.01)
(0.0278518 -0.0248974 -0.01)
(0.0196308 0.031525 -0.01)
(0.0278502 0.0249033 -0.01)
(0.0279423 -0.015 -0.01)
(-0.0153624 0.0296911 -0.01)
(0.0279423 0.015 -0.01)
(-0.0413718 0.0249929 -0.01)
(-0.0318324 0.0315114 -0.01)
(0.0420408 0.0245979 -0.01)
(0.024936 -0.0413845 -0.01)
(0.0249286 0.0413958 -0.01)
(-0.0413168 -0.0150432 -0.01)
(-0.0413397 0.005 -0.01)
(-0.0326787 -1.43212e-06 -0.01)
(0.0413397 -0.015 -0.01)
(0.0413397 0.005 -0.01)
(-0.015157 -0.03976 -0.01)
(0.00523616 -0.0412897 -0.01)
(0.00505266 0.0415774 -0.01)
(0.000772695 0.031901 -0.01)
(-0.0152903 0.0398977 -0.01)
(0.0192792 -0.00999506 -0.01)
(0.0106214 -0.00499942 -0.01)
(-0.0326479 -0.0100592 -0.01)
(-0.00669873 -0.025 -0.01)
(-0.0153585 -8.35904e-07 -0.01)
(0.00166729 0.0203718 -0.01)
(-0.0240183 0.00499818 -0.01)
(-0.0325157 0.0202024 -0.01)
(-0.0326519 0.0100332 -0.01)
(-0.0350897 -0.0416813 -0.01)
(0.0406146 -0.0344093 -0.01)
(-0.0350874 0.0416762 -0.01)
(0.0406146 0.0344093 -0.01)
(0.03 -0.0338053 -0.01)
(0.03 0.0338053 -0.01)
(0.0100925 0.034208 -0.01)
(0.01 -0.033923 -0.01)
(-0.00803224 -0.0333552 -0.01)
(0.034641 0.02 -0.01)
(0.034641 5.55112e-17 -0.01)
(0.034641 0.01 -0.01)
(0.034641 -0.01 -0.01)
(0.034641 -0.02 -0.01)
(-0.0228641 -0.0332968 -0.01)
(-0.0224408 0.0333694 -0.01)
(-0.00819478 0.0336929 -0.01)
(-0.0426795 -0.0426795 -0.01)
(0.0426795 0.0426795 -0.01)
(-0.0426795 0.0426795 -0.01)
(0.0426795 -0.0426795 -0.01)
(0.0350293 0.0275432 -0.01)
(0.0350296 -0.027542 -0.01)
(-0.0413397 0.025 0)
(0.0243694 -0.0411175 0)
(0.0413397 0.025 0)
(-0.0415398 -0.025 0)
(0.0138969 0.0415476 0)
(-0.0413397 0.005 0)
(-0.00538675 -0.018437 0)
(0.018437 -0.00538675 0)
(-0.005 0.0413397 0)
(0.018623 -0.0150645 0)
(-0.0150645 -0.018623 0)
(-0.0244511 0.0410703 0)
(-0.0203875 -0.010554 0)
(0.0413397 0.005 0)
(0.00605105 -0.0413657 0)
(0.00538675 0.018437 0)
(0.0150645 0.018623 0)
(0.0415476 -0.0238969 0)
(-0.025 -0.0413397 0)
(0.0272771 -0.0100752 0)
(-0.0100752 -0.0272771 0)
(-0.0176165 0.00482651 0)
(-0.0180626 0.0149711 0)
(-0.00990039 0.0207687 0)
(0.0099938 -0.0207842 0)
(0.0207842 0.0099938 0)
(0.0349576 0.0415323 0)
(0.018774 -0.0249319 0)
(0.0253503 0.0177312 0)
(-0.018665 0.0249137 0)
(-0.0245621 -0.0186744 0)
(-0.0313126 -0.0103614 0)
(-0.027346 0.0199936 0)
(0.00962155 0.0270152 0)
(-0.000879424 0.0262094 0)
(0.000827961 -0.026249 0)
(0.026249 0.000827961 0)
(0.0359808 -0.005 0)
(-0.00549016 -0.0347434 0)
(0.0047327 0.0357243 0)
(-0.0266749 0.0318336 0)
(0.0355159 -0.0155315 0)
(-0.0162349 -0.0355717 0)
(-0.0103451 0.031751 0)
(0.0103691 -0.0312609 0)
(0.031844 0.00980675 0)
(0.0269866 -0.0196468 0)
(0.0273205 -0.03 0)
(-0.0413397 -0.015 0)
(-0.0415444 -0.0349576 0)
(-0.0339701 -0.0300791 0)
(0.0414042 0.0143861 0)
(-0.0346814 0.0406587 0)
(0.0248091 0.0418302 0)
(0.0302645 0.0327106 0)
(-0.0411119 -0.00506023 0)
(-0.0327037 0.00104619 0)
(-0.0337882 0.01184 0)
(0.0150293 -0.0412478 0)
(0.0423264 -0.0346999 0)
(-0.0148637 0.0413173 0)
(-0.0197139 -0.0265067 0)
(0.0203594 0.0272044 0)
(-0.0419482 0.0153067 0)
(-0.0342018 -0.0407052 0)
(-0.0423169 0.0347133 0)
(0.0345597 -0.0397853 0)
(0.0415402 0.0353204 0)
(0.0323514 0.0239396 0)
(-0.0334555 -0.0205592 0)
(-0.019 0.0341772 0)
(0.0192336 -0.0337204 0)
(-0.0242927 -0.0018697 0)
(-0.0260185 -0.0332975 0)
(0.0201641 0.0353843 0)
(0.0360327 -0.030132 0)
(-0.0253902 0.00890567 0)
(0.0442405 -0.005 0)
(-0.0359246 0.0204164 0)
(-0.01 -0.0420987 0)
(0.005 0.043882 0)
(0.0428808 -0.0132381 0)
(-0.0348531 0.0291043 0)
(-0.0426795 0.0426795 0)
(0.0433772 -0.042897 0)
(-0.00267949 0.0173205 0)
(-0.0426795 -0.0426795 0)
(0.0426795 0.0426795 0)
(0.00267949 -0.0173205 0)
(0.0173205 0.00267949 0)
(-0.0172603 -0.00273968 0)
(0.0339018 0.01651 0)
(0.0338534 0.00265868 0)
(0.00314488 -0.0342981 0)
(-0.00287295 0.0337561 0)
(0.0137549 0.0333752 0)
(-0.00250137 -0.0424893 0)
(-0.0166684 -0.0435475 0)
(0.033746 -0.0233948 0)
(-0.0273858 -0.0257546 0)
)


// ************************************************************************* //
