/*--------------------------------*- C++ -*----------------------------------*\
| =========                 |                                                 |
| \\      /  F ield         | OpenFOAM: The Open Source CFD Toolbox           |
|  \\    /   O peration     | Version:  2312                                  |
|   \\  /    A nd           | Website:  www.openfoam.com                      |
|    \\/     M anipulation  |                                                 |
\*---------------------------------------------------------------------------*/
FoamFile
{
    version     2.0;
    format      ascii;
    arch        "LSB;label=32;scalar=64";
    class       faceList;
    location    "constant/solid_chip/polyMesh";
    object      faces;
}
// * * * * * * * * * * * * * * * * * * * * * * * * * * * * * * * * * * * * * //


162
(
3(28 16 2)
3(28 8 16)
3(31 4 20)
3(31 20 13)
3(4 31 19)
3(10 19 31)
3(2 23 28)
3(15 28 23)
3(17 30 0)
3(17 8 30)
3(0 30 21)
3(13 21 30)
3(24 16 9)
3(24 3 16)
3(14 23 24)
3(3 24 23)
3(1 26 17)
3(9 17 26)
3(20 27 12)
3(20 5 27)
3(19 11 27)
3(19 27 5)
3(18 29 6)
3(18 10 29)
3(6 29 22)
3(15 22 29)
3(1 21 26)
3(12 26 21)
3(18 7 25)
3(18 25 11)
3(22 25 7)
3(22 14 25)
3(22 18 29)
3(22 6 18)
3(18 22 25)
3(7 22 18)
3(17 30 21)
3(17 21 0)
3(21 26 17)
3(21 17 1)
3(29 25 18)
3(29 22 25)
3(17 30 26)
3(21 26 30)
3(31 19 27)
3(31 27 20)
3(31 20 19)
3(19 20 27)
3(24 28 16)
3(24 23 28)
3(28 23 16)
3(24 16 23)
3(28 9 24)
3(28 16 9)
3(31 11 27)
3(31 19 11)
3(28 24 14)
3(28 14 23)
3(12 31 27)
3(20 31 12)
3(23 16 2)
3(4 20 19)
3(24 28 30)
3(9 30 28)
3(9 24 30)
3(30 31 27)
3(12 31 30)
3(12 30 27)
3(27 31 25)
3(31 11 25)
3(28 24 29)
3(28 29 14)
3(24 14 29)
3(24 29 30)
3(30 25 27)
3(30 31 25)
3(23 3 16)
3(20 5 19)
3(28 9 8)
3(8 9 30)
3(13 12 31)
3(30 12 13)
3(9 26 30)
3(24 30 26)
3(30 26 12)
3(30 27 26)
3(11 10 29)
3(11 29 18)
3(15 14 29)
3(22 29 14)
3(11 31 10)
3(28 14 15)
3(30 17 9)
3(21 30 12)
3(11 31 29)
3(26 30 25)
3(30 25 24)
3(29 25 11)
3(14 25 29)
3(29 25 31)
3(29 24 25)
3(29 30 25)
3(28 2 8)
3(31 13 4)
3(10 31 4)
3(2 28 15)
3(8 0 30)
3(0 13 30)
3(10 6 29)
3(6 15 29)
3(28 30 29)
3(28 8 30)
3(30 13 31)
3(29 31 10)
3(28 29 15)
3(31 29 30)
3(8 2 16)
3(4 13 20)
3(10 4 19)
3(2 15 23)
3(17 0 8)
3(0 21 13)
3(3 9 16)
3(14 3 23)
3(9 1 17)
3(20 12 5)
3(19 5 11)
3(18 6 10)
3(6 22 15)
3(1 12 21)
3(18 11 7)
3(22 7 14)
3(11 18 10)
3(22 14 15)
3(9 8 16)
3(11 10 19)
3(15 14 23)
3(13 12 20)
3(9 17 8)
3(21 12 13)
3(1 0 17)
3(21 0 1)
3(2 3 16)
3(23 3 2)
3(5 4 20)
3(19 4 5)
3(6 7 22)
3(6 18 7)
3(14 24 3)
3(24 26 9)
3(12 26 27)
3(25 24 14)
3(27 5 12)
3(1 26 12)
3(3 24 9)
3(25 14 7)
3(11 27 25)
3(25 26 24)
3(7 11 25)
3(11 5 27)
3(1 9 26)
3(25 27 26)
)


// ************************************************************************* //
