
                        S T E P       1


                                INCREMENT     1


 temperatures for set N_ALL and time  0.1000000E+01

         1  3.353207E+02
         2  3.423645E+02
         3  3.354916E+02
         4  3.432195E+02
         5  3.255965E+02
         6  3.227634E+02
         7  3.266894E+02
         8  3.275706E+02
         9  3.181008E+02
        10  3.185571E+02
        11  3.458634E+02
        12  3.457138E+02
        13  3.315047E+02
        14  3.286810E+02
        15  3.223943E+02
        16  3.148917E+02
        17  3.124949E+02
        18  3.121588E+02
        19  3.450172E+02
        20  3.453970E+02
        21  3.331125E+02
        22  3.341636E+02
        23  3.238130E+02
        24  3.230749E+02
        25  3.217369E+02
        26  3.224702E+02
        27  3.185608E+02
        28  3.206489E+02
        29  3.212645E+02
        30  3.180010E+02
        31  3.447845E+02
        32  3.447892E+02
        33  3.451856E+02
        34  3.457762E+02
        35  3.123440E+02
        36  3.120888E+02
        37  3.123765E+02
        38  3.119869E+02
        39  3.450114E+02
        40  3.455158E+02
        41  3.449375E+02
        42  3.458100E+02
        43  3.401483E+02
        44  3.373350E+02
        45  3.397690E+02
        46  3.375935E+02
        47  3.257585E+02
        48  3.228447E+02
        49  3.267346E+02
        50  3.277825E+02
        51  3.186629E+02
        52  3.190744E+02
        53  3.452386E+02
        54  3.454124E+02
        55  3.316418E+02
        56  3.285562E+02
        57  3.222927E+02
        58  3.148699E+02
        59  3.122517E+02
        60  3.135650E+02
        61  3.449476E+02
        62  3.449953E+02
        63  3.330980E+02
        64  3.334278E+02
        65  3.239447E+02
        66  3.233010E+02
        67  3.243708E+02
        68  3.233440E+02
        69  3.229413E+02
        70  3.202169E+02
        71  3.385467E+02
        72  3.406914E+02
        73  3.389929E+02
        74  3.391611E+02
        75  3.334031E+02
        76  3.335281E+02
        77  3.329868E+02
        78  3.335333E+02
        79  3.123249E+02
        80  3.119604E+02
        81  3.122544E+02
        82  3.117010E+02
        83  3.321257E+02
        84  3.329270E+02
        85  3.406812E+02
        86  3.396046E+02
        87  3.427820E+02
        88  3.397313E+02
        89  3.453434E+02
        90  3.459879E+02
        91  3.452198E+02
        92  3.459725E+02
        93  3.303631E+02
        94  3.364491E+02
        95  3.282829E+02
        96  3.282617E+02
        97  3.256583E+02
        98  3.202931E+02
        99  3.135207E+02
       100  3.114679E+02
       101  3.137810E+02
       102  3.212898E+02
       103  3.220124E+02
       104  3.189625E+02
       105  3.181119E+02
       106  3.189812E+02
       107  3.214855E+02
       108  3.242576E+02
       109  3.255056E+02
       110  3.257867E+02
       111  3.311688E+02
       112  3.313827E+02
       113  3.326783E+02
       114  3.356815E+02
       115  3.389018E+02
       116  3.398817E+02
       117  3.352234E+02
       118  3.359111E+02
       119  3.443259E+02
       120  3.465545E+02
       121  3.446144E+02
       122  3.294996E+02
       123  3.365782E+02
       124  3.282220E+02
       125  3.388910E+02
       126  3.284015E+02
       127  3.379691E+02
       128  3.455241E+02
       129  3.456474E+02
       130  3.400796E+02
       131  3.399732E+02
       132  3.124853E+02
       133  3.120241E+02
       134  3.175529E+02
       135  3.230973E+02
       136  3.183787E+02
       137  3.400254E+02
       138  3.401412E+02
       139  3.461410E+02
       140  3.451166E+02
       141  3.386230E+02
       142  3.391992E+02
       143  3.122781E+02
       144  3.112230E+02
       145  3.169994E+02
       146  3.236817E+02
       147  3.198180E+02
       148  3.392500E+02
       149  3.389079E+02
       150  3.458698E+02
       151  3.461998E+02
       152  3.396335E+02
       153  3.394059E+02
       154  3.367956E+02
       155  3.344846E+02
       156  3.323174E+02
       157  3.294860E+02
       158  3.257767E+02
       159  3.212941E+02
       160  3.138544E+02
       161  3.115857E+02
       162  3.139997E+02
       163  3.212598E+02
       164  3.222289E+02
       165  3.189824E+02
       166  3.178524E+02
       167  3.216251E+02
       168  3.247075E+02
       169  3.286837E+02
       170  3.343139E+02
       171  3.402513E+02
       172  3.458844E+02
       173  3.458326E+02
       174  3.380612E+02
       175  3.378170E+02
       176  3.373630E+02
       177  3.341107E+02
       178  3.431194E+02
       179  3.341970E+02
       180  3.429290E+02
       181  3.257664E+02
       182  3.340963E+02
       183  3.225943E+02
       184  3.253760E+02
       185  3.175093E+02
       186  3.172100E+02
       187  3.120743E+02
       188  3.122216E+02
       189  3.309227E+02
       190  3.311277E+02
       191  3.296212E+02
       192  3.308068E+02
       193  3.342197E+02
       194  3.381079E+02
       195  3.391700E+02
       196  3.383019E+02
       197  3.357952E+02
       198  3.367533E+02
       199  3.434022E+02
       200  3.456411E+02
       201  3.426463E+02
       202  3.247379E+02
       203  3.338387E+02
       204  3.340837E+02
       205  3.428989E+02
       206  3.339207E+02
       207  3.431556E+02
       208  3.422732E+02
       209  3.456230E+02
       210  3.322928E+02
       211  3.118816E+02
       212  3.116500E+02
       213  3.315901E+02
       214  3.370098E+02
       215  3.387017E+02
       216  3.375688E+02
       217  3.318929E+02
       218  3.117341E+02
       219  3.117805E+02
       220  3.328500E+02
       221  3.428647E+02
       222  3.449838E+02
       223  3.427674E+02
       224  3.217758E+02
       225  3.269090E+02
       226  3.205804E+02
       227  3.263479E+02
       228  3.452195E+02
       229  3.456326E+02
       230  3.453851E+02
       231  3.456449E+02
       232  3.123275E+02
       233  3.119036E+02
       234  3.310674E+02
       235  3.366134E+02
       236  3.321547E+02
       237  3.303731E+02
       238  3.120147E+02
       239  3.123500E+02
       240  3.454304E+02
       241  3.456565E+02
       242  3.256238E+02
       243  3.181185E+02
       244  3.271254E+02
       245  3.456168E+02
       246  3.457214E+02
       247  3.270922E+02
       248  3.181919E+02
       249  3.242300E+02
       250  3.256364E+02
       251  3.447315E+02
       252  3.447923E+02
       253  3.127207E+02
       254  3.124485E+02
       255  3.298814E+02
       256  3.330572E+02
       257  3.302100E+02
       258  3.291427E+02
       259  3.125246E+02
       260  3.124788E+02
       261  3.447868E+02
       262  3.447800E+02
       263  3.260664E+02
       264  3.210729E+02
       265  3.351299E+02
       266  3.432584E+02
       267  3.352666E+02
       268  3.423978E+02
       269  2.981500E+02
       270  3.095075E+02
       271  3.092711E+02
       272  2.981500E+02
       273  3.087164E+02
       274  2.981500E+02
       275  2.981500E+02
       276  3.092363E+02
       277  3.084798E+02
       278  2.981500E+02
       279  3.284619E+02
       280  3.094665E+02
       281  3.473733E+02
       282  3.468021E+02
       283  3.089078E+02
       284  3.382114E+02
       285  3.438468E+02
       286  3.443288E+02
       287  3.383494E+02
       288  3.379644E+02
       289  3.195917E+02
       290  3.235624E+02
       291  3.161506E+02
       292  3.113376E+02
       293  3.126315E+02
       294  3.383653E+02
       295  3.211717E+02
       296  3.249230E+02
       297  3.445420E+02
       298  3.429360E+02
       299  3.364750E+02
       300  3.349025E+02
       301  3.360309E+02
       302  3.361620E+02
       303  3.360011E+02
       304  3.344491E+02
       305  3.330958E+02
       306  3.325216E+02
       307  3.332040E+02
       308  3.310417E+02
       309  3.127367E+02
       310  3.130307E+02
       311  3.185131E+02
       312  3.190560E+02
       313  3.220783E+02
       314  3.210356E+02
       315  3.422015E+02
       316  3.446519E+02
       317  3.436431E+02
       318  3.366957E+02
       319  3.346258E+02
       320  3.359268E+02
       321  3.360975E+02
       322  3.358310E+02
       323  3.342652E+02
       324  3.327682E+02
       325  3.322688E+02
       326  3.328056E+02
       327  3.307726E+02
       328  3.131565E+02
       329  3.129000E+02
       330  3.182531E+02
       331  3.193635E+02
       332  3.223464E+02
       333  3.210532E+02
       334  3.244567E+02
       335  3.450219E+02
       336  3.430929E+02
       337  3.365608E+02
       338  3.346150E+02
       339  3.359969E+02
       340  3.362879E+02
       341  3.359422E+02
       342  3.343556E+02
       343  3.328350E+02
       344  3.323251E+02
       345  3.331290E+02
       346  3.306396E+02
       347  3.128473E+02
       348  3.127374E+02
       349  3.187596E+02
       350  3.187127E+02
       351  3.220625E+02
       352  3.122419E+02
       353  3.149863E+02
       354  3.432529E+02
       355  3.448689E+02
       356  3.418411E+02
       357  3.284903E+02
       358  3.151984E+02
       359  3.277435E+02
       360  3.441352E+02
       361  3.460229E+02
       362  3.447828E+02
       363  3.353529E+02
       364  3.337280E+02
       365  3.368008E+02
       366  3.363856E+02
       367  3.355461E+02
       368  3.346471E+02
       369  3.332897E+02
       370  3.317318E+02
       371  3.256729E+02
       372  3.241049E+02
       373  3.228654E+02
       374  3.219286E+02
       375  3.213662E+02
       376  3.208906E+02
       377  3.218736E+02
       378  3.235264E+02
       379  3.214844E+02
       380  3.139906E+02
       381  3.122578E+02
       382  3.141315E+02
       383  3.201888E+02
       384  3.260641E+02
       385  3.277317E+02
       386  3.391187E+02
       387  3.331380E+02
       388  3.270756E+02
       389  3.237942E+02
       390  3.223948E+02
       391  3.212330E+02
       392  3.217529E+02
       393  3.233946E+02
       394  3.213995E+02
       395  3.134688E+02
       396  3.119530E+02
       397  3.143212E+02
       398  3.215058E+02
       399  3.266141E+02
       400  3.308493E+02
       401  3.339365E+02
       402  3.362521E+02
       403  3.275159E+02
       404  3.290690E+02
       405  3.441947E+02
       406  3.424867E+02
       407  3.354842E+02
       408  3.333636E+02
       409  3.361726E+02
       410  3.357970E+02
       411  3.349782E+02
       412  3.342324E+02
       413  3.329382E+02
       414  3.312992E+02
       415  3.251676E+02
       416  3.236409E+02
       417  3.224750E+02
       418  3.217689E+02
       419  3.212274E+02
       420  3.205994E+02
       421  3.213288E+02
       422  3.231147E+02
       423  3.214537E+02
       424  3.133622E+02
       425  3.120437E+02
       426  3.132295E+02
       427  3.202887E+02
       428  3.263483E+02
       429  3.275063E+02
       430  3.373854E+02
       431  3.437813E+02
       432  3.444350E+02
       433  3.129477E+02
       434  3.133799E+02
       435  3.196768E+02
       436  3.197622E+02
       437  3.242512E+02
       438  3.239914E+02
       439  3.328867E+02
       440  3.329807E+02
       441  3.379509E+02
       442  3.377764E+02
       443  3.442305E+02
       444  3.444688E+02
       445  3.126870E+02
       446  3.130878E+02
       447  3.199381E+02
       448  3.201301E+02
       449  3.242680E+02
       450  3.254268E+02
       451  3.320695E+02
       452  3.328703E+02
       453  3.380193E+02
       454  3.126502E+02
       455  3.445334E+02
       456  3.445571E+02
       457  3.337684E+02
       458  3.327674E+02
       459  3.446129E+02
       460  3.446406E+02
       461  3.127931E+02
       462  3.127436E+02
       463  3.237860E+02
       464  3.225550E+02
       465  3.126751E+02
       466  3.376824E+02
       467  3.444933E+02
       468  3.449369E+02
       469  3.126465E+02
       470  3.127170E+02
       471  3.197133E+02
       472  3.198895E+02
       473  3.244653E+02
       474  3.245903E+02
       475  3.326664E+02
       476  3.328292E+02
       477  3.375988E+02
       478  3.262983E+02
       479  3.255120E+02
       480  3.209847E+02
       481  3.280828E+02
       482  3.448479E+02
       483  3.448431E+02
       484  3.277401E+02
       485  3.124867E+02
       486  3.451075E+02
       487  3.451154E+02
       488  3.451592E+02
       489  3.123858E+02
       490  3.121565E+02
       491  3.352167E+02
       492  3.301725E+02
       493  3.125318E+02
       494  3.323057E+02
       495  3.428874E+02
       496  3.330977E+02
       497  3.123576E+02
       498  3.123719E+02
       499  3.316047E+02
       500  3.349377E+02
       501  3.358305E+02
       502  3.346404E+02
       503  3.313245E+02
       504  3.123994E+02
       505  3.124309E+02
       506  3.273612E+02
       507  3.289171E+02
       508  3.442601E+02
       509  3.419966E+02
       510  3.356267E+02
       511  3.294543E+02
       512  3.277134E+02
       513  3.276992E+02
       514  3.261778E+02
       515  3.208449E+02
       516  3.147370E+02
       517  3.125096E+02
       518  3.140804E+02
       519  3.204959E+02
       520  3.261842E+02
       521  3.273504E+02
       522  3.314901E+02
       523  3.443017E+02
       524  3.444933E+02
       525  3.345749E+02
       526  3.351355E+02
       527  3.441480E+02
       528  3.441318E+02
       529  3.129967E+02
       530  3.116695E+02
       531  3.141131E+02
       532  3.226023E+02
       533  3.289008E+02
       534  3.317749E+02
       535  3.448068E+02
       536  3.452462E+02
       537  3.357537E+02
       538  3.346700E+02
       539  3.444577E+02
       540  3.441149E+02
       541  3.124892E+02
       542  3.110617E+02
       543  3.140725E+02
       544  3.221538E+02
       545  3.291413E+02
       546  3.124329E+02
       547  3.130489E+02
       548  3.328212E+02
       549  3.444662E+02
       550  3.445069E+02
       551  3.321492E+02
       552  3.131522E+02
       553  3.123192E+02
       554  3.236578E+02
       555  3.088081E+02
       556  3.138234E+02
       557  3.078184E+02
       558  3.487272E+02
       559  3.480816E+02
       560  3.429642E+02
       561  3.245055E+02
       562  3.211390E+02
       563  3.204971E+02
       564  3.249936E+02
       565  3.359448E+02
       566  3.344396E+02
       567  3.283359E+02
       568  3.230950E+02
       569  3.213898E+02
       570  3.228826E+02
       571  3.285285E+02
       572  3.343982E+02
       573  3.359314E+02
       574  3.284456E+02
       575  3.391759E+02
       576  3.364074E+02
       577  3.285457E+02
       578  3.207847E+02
       579  3.183073E+02
       580  3.209582E+02
       581  3.162426E+02
       582  3.116148E+02
       583  3.163008E+02
       584  3.286792E+02
       585  3.409433E+02
       586  3.458414E+02
       587  3.438857E+02
       588  3.373068E+02
       589  3.371914E+02
       590  3.359513E+02
       591  3.337779E+02
       592  3.341018E+02
       593  3.354992E+02
       594  3.370135E+02
       595  3.219813E+02
       596  3.216025E+02
       597  3.207718E+02
       598  3.200932E+02
       599  3.197821E+02
       600  3.209040E+02
       601  3.394768E+02
       602  3.354507E+02
       603  3.409353E+02
       604  3.393770E+02
       605  3.354400E+02
       606  3.319982E+02
       607  3.307740E+02
       608  3.238114E+02
       609  3.208233E+02
       610  3.247197E+02
       611  3.209425E+02
       612  3.167100E+02
       613  3.176778E+02
       614  3.300663E+02
       615  3.277406E+02
       616  3.277207E+02
       617  3.252278E+02
       618  3.205047E+02
       619  3.137508E+02
       620  3.115495E+02
       621  3.140383E+02
       622  3.207302E+02
       623  3.255058E+02
       624  3.280032E+02
       625  3.280362E+02
       626  3.301903E+02
       627  3.357983E+02
       628  3.430719E+02
       629  3.459740E+02
       630  3.197411E+02
       631  3.229319E+02
       632  3.318795E+02
       633  3.317579E+02
       634  3.224213E+02
       635  3.246865E+02
       636  3.296298E+02
       637  3.308161E+02
       638  3.332228E+02
       639  3.336107E+02
       640  3.222625E+02
       641  3.182492E+02
       642  3.308409E+02
       643  3.333540E+02
       644  3.240860E+02
       645  3.224599E+02
       646  3.443586E+02
       647  3.448930E+02
       648  3.392156E+02
       649  3.389071E+02
       650  3.126495E+02
       651  3.120162E+02
       652  3.176656E+02
       653  3.228812E+02
       654  3.182770E+02
       655  3.388566E+02
       656  3.392305E+02
       657  3.259444E+02
       658  3.225514E+02
       659  3.251136E+02
       660  3.173538E+02
       661  3.176293E+02
       662  3.123828E+02
       663  3.118746E+02
       664  3.308885E+02
       665  3.315058E+02
       666  3.297302E+02
       667  3.306262E+02
       668  3.343607E+02
       669  3.384460E+02
       670  3.394648E+02
       671  3.385579E+02
       672  3.357799E+02
       673  3.367868E+02
       674  3.437272E+02
       675  3.459026E+02
       676  3.258585E+02
       677  3.226162E+02
       678  3.252613E+02
       679  3.171365E+02
       680  3.172041E+02
       681  3.119456E+02
       682  3.121332E+02
       683  3.306902E+02
       684  3.313808E+02
       685  3.292248E+02
       686  3.302095E+02
       687  3.341235E+02
       688  3.386700E+02
       689  3.398249E+02
       690  3.388116E+02
       691  3.357559E+02
       692  3.367571E+02
       693  3.437256E+02
       694  3.465174E+02
       695  3.453617E+02
       696  3.121577E+02
       697  3.121033E+02
       698  3.311416E+02
       699  3.375810E+02
       700  3.120509E+02
       701  3.123067E+02
       702  3.454329E+02
       703  3.454626E+02
       704  3.447791E+02
       705  3.453138E+02
       706  3.390886E+02
       707  3.391788E+02
       708  3.313302E+02
       709  3.312731E+02
       710  3.259672E+02
       711  3.259117E+02
       712  3.184105E+02
       713  3.183448E+02
       714  3.124464E+02
       715  3.124347E+02
       716  3.456062E+02
       717  3.452566E+02
       718  3.119907E+02
       719  3.120400E+02
       720  3.249219E+02
       721  3.250678E+02
       722  3.121749E+02
       723  3.123964E+02
       724  3.454024E+02
       725  3.451772E+02
       726  3.314582E+02
       727  3.315146E+02
       728  3.452654E+02
       729  3.454267E+02
       730  3.393903E+02
       731  3.394544E+02
       732  3.316199E+02
       733  3.314196E+02
       734  3.262718E+02
       735  3.256299E+02
       736  3.186420E+02
       737  3.188339E+02
       738  3.135863E+02
       739  3.121313E+02
       740  3.447130E+02
       741  3.454620E+02
       742  3.391597E+02
       743  3.395672E+02
       744  3.314621E+02
       745  3.314270E+02
       746  3.257745E+02
       747  3.258202E+02
       748  3.182026E+02
       749  3.184099E+02
       750  3.126184E+02
       751  3.124215E+02
       752  3.299467E+02
       753  3.279850E+02
       754  3.279358E+02
       755  3.255939E+02
       756  3.204462E+02
       757  3.139564E+02
       758  3.115804E+02
       759  3.139157E+02
       760  3.210387E+02
       761  3.216792E+02
       762  3.186956E+02
       763  3.177380E+02
       764  3.186726E+02
       765  3.213792E+02
       766  3.242585E+02
       767  3.252883E+02
       768  3.256181E+02
       769  3.308795E+02
       770  3.311886E+02
       771  3.322571E+02
       772  3.351281E+02
       773  3.383635E+02
       774  3.394065E+02
       775  3.348701E+02
       776  3.357101E+02
       777  3.430736E+02
       778  3.451644E+02
       779  2.981500E+02
       780  3.082900E+02
       781  3.091762E+02
       782  2.981500E+02
       783  2.981500E+02
       784  2.981500E+02
       785  3.079285E+02
       786  2.981500E+02
       787  2.981500E+02
       788  3.081359E+02
       789  3.087656E+02
       790  2.981500E+02
       791  2.981500E+02
       792  3.087756E+02
       793  2.981500E+02
       794  3.088419E+02
       795  3.091471E+02
       796  2.981500E+02
       797  3.082499E+02
       798  2.981500E+02
       799  2.981500E+02
       800  3.082106E+02
       801  3.084396E+02
       802  2.981500E+02
       803  2.981500E+02
       804  3.083055E+02
       805  3.092798E+02
       806  2.981500E+02
       807  2.981500E+02
       808  3.086658E+02
       809  2.981500E+02
       810  3.100309E+02
       811  3.090403E+02
       812  2.981500E+02
       813  3.080620E+02
       814  2.981500E+02
       815  2.981500E+02
       816  3.089530E+02
       817  3.082309E+02
       818  2.981500E+02
       819  2.981500E+02
       820  3.090058E+02
       821  3.096133E+02
       822  2.981500E+02
       823  2.981500E+02
       824  3.086514E+02
       825  2.981500E+02
       826  3.092591E+02
       827  3.089703E+02
       828  2.981500E+02
       829  3.089652E+02
       830  2.981500E+02
       831  2.981500E+02
       832  3.085039E+02
       833  3.087780E+02
       834  2.981500E+02
       835  2.981500E+02
       836  3.090592E+02
       837  3.089327E+02
       838  2.981500E+02
       839  2.981500E+02
       840  3.089738E+02
       841  2.981500E+02
       842  3.084616E+02
       843  3.088392E+02
       844  2.981500E+02
       845  3.087941E+02
       846  2.981500E+02
       847  2.981500E+02
       848  3.086740E+02
       849  3.088504E+02
       850  2.981500E+02
       851  2.981500E+02
       852  3.082057E+02
       853  3.081712E+02
       854  2.981500E+02
       855  2.981500E+02
       856  3.086825E+02
       857  3.467172E+02
       858  3.581500E+02
       859  3.581500E+02
       860  3.471220E+02
       861  3.581500E+02
       862  3.475017E+02
       863  3.473872E+02
       864  3.581500E+02
       865  3.581500E+02
       866  3.473501E+02
       867  3.473284E+02
       868  3.581500E+02
       869  3.581500E+02
       870  3.468941E+02
       871  3.478046E+02
       872  3.581500E+02
       873  3.472164E+02
       874  3.581500E+02
       875  3.581500E+02
       876  3.473283E+02
       877  3.581500E+02
       878  3.471990E+02
       879  3.458624E+02
       880  3.581500E+02
       881  3.581500E+02
       882  3.479920E+02
       883  3.471918E+02
       884  3.581500E+02
       885  3.581500E+02
       886  3.474697E+02
       887  3.475510E+02
       888  3.581500E+02
       889  3.470396E+02
       890  3.581500E+02
       891  3.581500E+02
       892  3.479208E+02
       893  3.581500E+02
       894  3.483617E+02
       895  3.467997E+02
       896  3.581500E+02
       897  3.581500E+02
       898  3.472470E+02
       899  3.475743E+02
       900  3.581500E+02
       901  3.581500E+02
       902  3.482050E+02
       903  3.472286E+02
       904  3.581500E+02
       905  3.481104E+02
       906  3.581500E+02
       907  3.581500E+02
       908  3.482120E+02
       909  3.581500E+02
       910  3.472971E+02
       911  3.473306E+02
       912  3.581500E+02
       913  3.581500E+02
       914  3.470316E+02
       915  3.477443E+02
       916  3.581500E+02
       917  3.581500E+02
       918  3.477553E+02
       919  3.477625E+02
       920  3.581500E+02
       921  3.581500E+02
       922  3.581500E+02
       923  3.581500E+02
       924  3.484482E+02
       925  3.462755E+02
       926  3.581500E+02
       927  3.581500E+02
       928  3.476057E+02
       929  3.479624E+02
       930  3.581500E+02
       931  3.581500E+02
       932  3.478836E+02
       933  3.480029E+02
       934  3.581500E+02
       935  3.472099E+02
       936  3.581500E+02
       937  3.478111E+02
       938  3.581500E+02
       939  3.467001E+02
       940  3.581500E+02
       941  3.581500E+02
       942  3.467851E+02
       943  3.581500E+02
       944  3.581500E+02
       945  3.471794E+02
       946  3.581500E+02
       947  3.581500E+02
       948  3.464699E+02
       949  3.469217E+02
       950  3.581500E+02
       951  3.581500E+02
       952  3.466577E+02
       953  3.467574E+02
       954  3.581500E+02
       955  3.581500E+02
       956  3.474890E+02
       957  3.468391E+02
       958  3.581500E+02
       959  3.581500E+02
       960  3.476301E+02
       961  3.468943E+02
       962  3.581500E+02
       963  3.089273E+02
       964  2.981500E+02
       965  2.981500E+02
       966  3.082342E+02
       967  3.098993E+02
       968  2.981500E+02
       969  2.981500E+02
       970  2.981500E+02
       971  3.096075E+02
       972  2.981500E+02
       973  2.981500E+02
       974  3.090461E+02
       975  3.093508E+02
       976  2.981500E+02
       977  2.981500E+02
       978  3.089415E+02
       979  3.285371E+02
       980  3.124188E+02
       981  3.323813E+02
       982  3.123644E+02
       983  3.259283E+02
       984  3.123028E+02
       985  3.126589E+02
       986  3.318795E+02
       987  3.448159E+02
       988  3.451160E+02
       989  3.212931E+02
       990  3.209872E+02
       991  3.252701E+02
       992  3.246731E+02
       993  2.981500E+02
       994  3.091145E+02
       995  3.045225E+02
       996  3.047696E+02
       997  3.029655E+02
       998  3.056368E+02
       999  3.036339E+02
      1000  2.981500E+02
      1001  2.981500E+02
      1002  3.086184E+02
      1003  3.079885E+02
      1004  3.166049E+02
      1005  3.163186E+02
      1006  3.281889E+02
      1007  3.403828E+02
      1008  3.402940E+02
      1009  3.471314E+02
      1010  3.453854E+02
      1011  3.455406E+02
      1012  3.463164E+02
      1013  3.469426E+02
      1014  3.463369E+02
      1015  3.093145E+02
      1016  3.092520E+02
      1017  3.105783E+02
      1018  3.101705E+02
      1019  3.096198E+02
      1020  3.104411E+02
      1021  3.084949E+02
      1022  3.476755E+02
      1023  3.044608E+02
      1024  3.085430E+02
      1025  3.031524E+02
      1026  2.981500E+02
      1027  3.040436E+02
      1028  2.981500E+02
      1029  3.037542E+02
      1030  3.039140E+02
      1031  3.036490E+02
      1032  3.027990E+02
      1033  2.981500E+02
      1034  3.086912E+02
      1035  3.033291E+02
      1036  3.093865E+02
      1037  2.981500E+02
      1038  3.028387E+02
      1039  3.034737E+02
      1040  3.037377E+02
      1041  2.981500E+02
      1042  3.090216E+02
      1043  3.029016E+02
      1044  3.087059E+02
      1045  2.981500E+02
      1046  3.051305E+02
      1047  3.026707E+02
      1048  3.037312E+02
      1049  2.981500E+02
      1050  3.080007E+02
      1051  3.027800E+02
      1052  3.086015E+02
      1053  2.981500E+02
      1054  3.048921E+02
      1055  3.039179E+02
      1056  3.034961E+02
      1057  2.981500E+02
      1058  3.087182E+02
      1059  3.041181E+02
      1060  3.089409E+02
      1061  2.981500E+02
      1062  3.039898E+02
      1063  3.034146E+02
      1064  3.040322E+02
      1065  2.981500E+02
      1066  3.093504E+02
      1067  3.026902E+02
      1068  3.089410E+02
      1069  2.981500E+02
      1070  3.038704E+02
      1071  3.029712E+02
      1072  3.051779E+02
      1073  2.981500E+02
      1074  3.086367E+02
      1075  3.038422E+02
      1076  3.089338E+02
      1077  2.981500E+02
      1078  3.036203E+02
      1079  3.039248E+02
      1080  3.031380E+02
      1081  2.981500E+02
      1082  3.090711E+02
      1083  3.028743E+02
      1084  3.088197E+02
      1085  2.981500E+02
      1086  3.022592E+02
      1087  3.037760E+02
      1088  3.038975E+02
      1089  2.981500E+02
      1090  3.090557E+02
      1091  3.044412E+02
      1092  3.088719E+02
      1093  2.981500E+02
      1094  3.041857E+02
      1095  3.037277E+02
      1096  3.022207E+02
      1097  2.981500E+02
      1098  3.084796E+02
      1099  3.029647E+02
      1100  3.080039E+02
      1101  2.981500E+02
      1102  3.524090E+02
      1103  3.581500E+02
      1104  3.518611E+02
      1105  3.469687E+02
      1106  3.516974E+02
      1107  3.534418E+02
      1108  3.531960E+02
      1109  3.476941E+02
      1110  3.581500E+02
      1111  3.518009E+02
      1112  3.581500E+02
      1113  3.472529E+02
      1114  3.526447E+02
      1115  3.525829E+02
      1116  3.581500E+02
      1117  3.461985E+02
      1118  3.528921E+02
      1119  3.581500E+02
      1120  3.520143E+02
      1121  3.476816E+02
      1122  3.521257E+02
      1123  3.517458E+02
      1124  3.537604E+02
      1125  3.465058E+02
      1126  3.581500E+02
      1127  3.523792E+02
      1128  3.581500E+02
      1129  3.465665E+02
      1130  3.527990E+02
      1131  3.517901E+02
      1132  3.581500E+02
      1133  3.473003E+02
      1134  3.522534E+02
      1135  3.581500E+02
      1136  3.516823E+02
      1137  3.475845E+02
      1138  3.521552E+02
      1139  3.521142E+02
      1140  3.530277E+02
      1141  3.473003E+02
      1142  3.581500E+02
      1143  3.518216E+02
      1144  3.581500E+02
      1145  3.472876E+02
      1146  3.541650E+02
      1147  3.514262E+02
      1148  3.581500E+02
      1149  3.472749E+02
      1150  3.519936E+02
      1151  3.520769E+02
      1152  3.528812E+02
      1153  3.476558E+02
      1154  3.581500E+02
      1155  3.530892E+02
      1156  3.581500E+02
      1157  3.477590E+02
      1158  3.525481E+02
      1159  3.538310E+02
      1160  3.525776E+02
      1161  3.475671E+02
      1162  3.581500E+02
      1163  3.515615E+02
      1164  3.581500E+02
      1165  3.481738E+02
      1166  3.531167E+02
      1167  3.581500E+02
      1168  3.517176E+02
      1169  3.531304E+02
      1170  3.512488E+02
      1171  3.530839E+02
      1172  3.477374E+02
      1173  3.581500E+02
      1174  3.532957E+02
      1175  3.581500E+02
      1176  3.467282E+02
      1177  3.538224E+02
      1178  3.520665E+02
      1179  3.581500E+02
      1180  3.474418E+02
      1181  3.527209E+02
      1182  3.528955E+02
      1183  3.509735E+02
      1184  3.534018E+02
      1185  3.506801E+02
      1186  3.539170E+02
      1187  3.581500E+02
      1188  3.581500E+02
      1189  3.581500E+02
      1190  3.581500E+02
      1191  3.581500E+02
      1192  3.581500E+02
      1193  3.528719E+02
      1194  3.581500E+02
      1195  3.468798E+02
      1196  3.501437E+02
      1197  3.525364E+02
      1198  3.581500E+02
      1199  3.581500E+02
      1200  3.581500E+02
      1201  3.581500E+02
      1202  3.581500E+02
      1203  3.581500E+02
      1204  3.460863E+02
      1205  3.481503E+02
      1206  3.473193E+02
      1207  3.467462E+02
      1208  3.471244E+02
      1209  3.478180E+02
      1210  3.507084E+02
      1211  3.464236E+02
      1212  3.581500E+02
      1213  3.503673E+02
      1214  3.581500E+02
      1215  3.469817E+02
      1216  3.531374E+02
      1217  3.504658E+02
      1218  3.520094E+02
      1219  3.474332E+02
      1220  3.480251E+02
      1221  3.581500E+02
      1222  3.581500E+02
      1223  3.505463E+02
      1224  3.581500E+02
      1225  3.468087E+02
      1226  3.037496E+02
      1227  3.031795E+02
      1228  3.041162E+02
      1229  3.026682E+02
      1230  3.061051E+02
      1231  3.018183E+02
      1232  2.981500E+02
      1233  2.981500E+02
      1234  2.981500E+02
      1235  2.981500E+02
      1236  2.981500E+02
      1237  2.981500E+02
      1238  3.033473E+02
      1239  3.094381E+02
      1240  2.981500E+02
      1241  3.056167E+02
      1242  3.030378E+02
      1243  3.084736E+02
      1244  3.096759E+02
      1245  3.089095E+02
      1246  3.093465E+02
      1247  3.091618E+02
      1248  3.085866E+02
      1249  2.981500E+02
      1250  2.981500E+02
      1251  2.981500E+02
      1252  2.981500E+02
      1253  2.981500E+02
      1254  2.981500E+02
      1255  2.981500E+02
      1256  3.095215E+02
      1257  3.093764E+02
      1258  2.981500E+02
      1259  3.392628E+02
      1260  3.177453E+02
      1261  2.981500E+02
      1262  3.094537E+02
      1263  3.056248E+02
      1264  3.398249E+02
      1265  3.173451E+02
      1266  3.259547E+02
      1267  3.303472E+02
      1268  3.236894E+02
      1269  3.211615E+02
      1270  3.456232E+02
      1271  3.119893E+02
      1272  3.453798E+02
      1273  3.422600E+02
      1274  3.423075E+02
      1275  3.172845E+02
      1276  3.259823E+02
      1277  3.303008E+02
      1278  3.238328E+02
      1279  3.228983E+02
      1280  3.403314E+02
      1281  3.360916E+02
      1282  3.328028E+02
      1283  3.118376E+02
      1284  3.363686E+02
      1285  3.435017E+02
      1286  3.458513E+02
      1287  3.424749E+02
      1288  3.289271E+02
      1289  3.288329E+02
      1290  3.186215E+02
      1291  3.380853E+02
      1292  3.187873E+02
      1293  3.160164E+02
      1294  3.271268E+02
      1295  3.221282E+02
      1296  3.334552E+02
      1297  3.294537E+02
      1298  3.403750E+02
      1299  3.272624E+02
      1300  3.322387E+02
      1301  3.336525E+02
      1302  3.425577E+02
      1303  3.385148E+02
      1304  3.115629E+02
      1305  3.134348E+02
      1306  3.202572E+02
      1307  3.222288E+02
      1308  3.382845E+02
      1309  3.426111E+02
      1310  3.183833E+02
      1311  3.160826E+02
      1312  3.249902E+02
      1313  3.171444E+02
      1314  3.330369E+02
      1315  3.283757E+02
      1316  3.208055E+02
      1317  3.304062E+02
      1318  3.426023E+02
      1319  3.379776E+02
      1320  3.391571E+02
      1321  3.312288E+02
      1322  3.390371E+02
      1323  3.270686E+02
      1324  3.292807E+02
      1325  3.391502E+02
      1326  3.453666E+02
      1327  3.240194E+02
      1328  3.455564E+02
      1329  3.117626E+02
      1330  3.326303E+02
      1331  3.330262E+02
      1332  3.116342E+02
      1333  3.452634E+02
      1334  3.231161E+02
      1335  3.394795E+02
      1336  3.060415E+02
      1337  3.038658E+02
      1338  3.026610E+02
      1339  3.055356E+02
      1340  3.024153E+02
      1341  3.047908E+02
      1342  3.312976E+02
      1343  3.285950E+02
      1344  3.359972E+02
      1345  3.322012E+02
      1346  3.282316E+02
      1347  3.203411E+02
      1348  3.212344E+02
      1349  3.317884E+02
      1350  3.308890E+02
      1351  3.255989E+02
      1352  3.284896E+02
      1353  3.308577E+02
      1354  3.264637E+02
      1355  3.274985E+02
      1356  3.220185E+02
      1357  3.323915E+02
      1358  3.308753E+02
      1359  3.284871E+02
      1360  3.227333E+02
      1361  3.228183E+02
      1362  3.377016E+02
      1363  3.341098E+02
      1364  3.345022E+02
      1365  3.299244E+02
      1366  3.355955E+02
      1367  3.356859E+02
      1368  3.357475E+02
      1369  3.388624E+02
      1370  3.250489E+02
      1371  3.246020E+02
      1372  3.287480E+02
      1373  3.222348E+02
      1374  3.223322E+02
      1375  3.336935E+02
      1376  3.226381E+02
      1377  3.317147E+02
      1378  3.288059E+02
      1379  3.324116E+02
      1380  3.254718E+02
      1381  3.245624E+02
      1382  3.270393E+02
      1383  3.405754E+02
      1384  3.410614E+02
      1385  3.334833E+02
      1386  3.213375E+02
      1387  3.364240E+02
      1388  3.233551E+02
      1389  3.338621E+02
      1390  3.336923E+02
      1391  3.333658E+02
      1392  3.182227E+02
      1393  3.224451E+02
      1394  3.219896E+02
      1395  3.221810E+02
      1396  3.384938E+02
      1397  3.352477E+02
      1398  3.352127E+02
      1399  3.353316E+02
      1400  3.334985E+02
      1401  3.331076E+02
      1402  3.173927E+02
      1403  3.345453E+02
      1404  3.261394E+02
      1405  3.278259E+02
      1406  3.234694E+02
      1407  3.238219E+02
      1408  3.326058E+02
      1409  3.218111E+02
      1410  3.262315E+02
      1411  3.363975E+02
      1412  3.392837E+02
      1413  3.338612E+02
      1414  3.368169E+02
      1415  3.241732E+02
      1416  3.205836E+02
      1417  3.341350E+02
      1418  3.329312E+02
      1419  3.342163E+02
      1420  3.343643E+02
      1421  3.341073E+02
      1422  3.219497E+02
      1423  3.221231E+02
      1424  3.315163E+02
      1425  3.288097E+02
      1426  3.242020E+02
      1427  3.248365E+02
      1428  3.329452E+02
      1429  3.339380E+02
      1430  3.351166E+02
      1431  3.356814E+02
      1432  3.209148E+02
      1433  3.216523E+02
      1434  3.218049E+02
      1435  3.242015E+02
      1436  3.301387E+02
      1437  3.275728E+02
      1438  3.266948E+02
      1439  3.354381E+02
      1440  3.350156E+02
      1441  3.349282E+02
      1442  3.349091E+02
      1443  3.250974E+02
      1444  3.347619E+02
      1445  3.305358E+02
      1446  3.244550E+02
      1447  3.259215E+02
      1448  3.271004E+02
      1449  3.255496E+02
      1450  3.275137E+02
      1451  3.247822E+02
      1452  3.263563E+02
      1453  3.315965E+02
      1454  3.320044E+02
      1455  3.281524E+02
      1456  3.223522E+02
      1457  3.296106E+02
      1458  3.308845E+02
      1459  3.375850E+02
      1460  3.302350E+02
      1461  3.294929E+02
      1462  3.224018E+02
      1463  3.383500E+02
      1464  3.248799E+02
      1465  3.374327E+02
      1466  3.388039E+02
      1467  3.400268E+02
      1468  3.374146E+02
      1469  3.336834E+02
      1470  3.337174E+02
      1471  3.275583E+02
      1472  3.295162E+02
      1473  3.235754E+02
      1474  3.333239E+02
      1475  3.373508E+02
      1476  3.195222E+02
      1477  3.230831E+02
      1478  3.227480E+02
      1479  3.309440E+02
      1480  3.251614E+02
      1481  3.251452E+02
      1482  3.412796E+02
      1483  3.327437E+02
      1484  3.355661E+02
      1485  3.369045E+02
      1486  3.366042E+02
      1487  3.213388E+02
      1488  3.203494E+02
      1489  3.277298E+02
      1490  3.310115E+02
      1491  3.281998E+02
      1492  3.375078E+02
      1493  3.187587E+02
      1494  3.373438E+02
      1495  3.254393E+02
      1496  3.242501E+02
      1497  3.219118E+02
      1498  3.165480E+02
      1499  3.331595E+02
      1500  3.338974E+02
      1501  3.117691E+02
      1502  3.449633E+02
      1503  3.352574E+02
      1504  3.226988E+02
      1505  3.276670E+02
      1506  3.300064E+02
      1507  3.116321E+02
      1508  3.447410E+02
      1509  3.352232E+02
      1510  3.427157E+02
      1511  3.278748E+02
      1512  3.317041E+02
      1513  3.222822E+02
      1514  3.416780E+02
      1515  3.315575E+02
      1516  3.360605E+02
      1517  3.428863E+02
      1518  3.416130E+02
      1519  3.377048E+02
      1520  3.111076E+02
      1521  3.132124E+02
      1522  3.200103E+02
      1523  3.219246E+02
      1524  3.372512E+02
      1525  3.418123E+02
      1526  3.312817E+02
      1527  3.393270E+02
      1528  3.270226E+02
      1529  3.293633E+02
      1530  3.389147E+02
      1531  3.310608E+02
      1532  3.395553E+02
      1533  3.267397E+02
      1534  3.291250E+02
      1535  3.453622E+02
      1536  3.455499E+02
      1537  3.117665E+02
      1538  3.332621E+02
      1539  3.417563E+02
      1540  3.352326E+02
      1541  3.283636E+02
      1542  3.221724E+02
      1543  3.155973E+02
      1544  3.450014E+02
      1545  3.120708E+02
      1546  3.120594E+02
      1547  3.453082E+02
      1548  3.416431E+02
      1549  3.354702E+02
      1550  3.290372E+02
      1551  3.221942E+02
      1552  3.165514E+02
      1553  3.413781E+02
      1554  3.354764E+02
      1555  3.288370E+02
      1556  3.220111E+02
      1557  3.160129E+02
      1558  3.286475E+02
      1559  3.285283E+02
      1560  3.186680E+02
      1561  3.370752E+02
      1562  3.185973E+02
      1563  3.160904E+02
      1564  3.268517E+02
      1565  3.220101E+02
      1566  3.329542E+02
      1567  3.290989E+02
      1568  3.396152E+02
      1569  3.269883E+02
      1570  3.318208E+02
      1571  3.049051E+02
      1572  3.051117E+02
      1573  3.045275E+02
      1574  3.052975E+02
      1575  3.057785E+02
      1576  3.048817E+02
      1577  3.048674E+02
      1578  3.057610E+02
      1579  3.044390E+02
      1580  3.057788E+02
      1581  3.056256E+02
      1582  3.055170E+02
      1583  3.047134E+02
      1584  3.046665E+02
      1585  3.050405E+02
      1586  3.059165E+02
      1587  3.052257E+02
      1588  3.049318E+02
      1589  3.051567E+02
      1590  3.046706E+02
      1591  3.512709E+02
      1592  3.501463E+02
      1593  3.513624E+02
      1594  3.501786E+02
      1595  3.508963E+02
      1596  3.497612E+02
      1597  3.516704E+02
      1598  3.524052E+02
      1599  3.518147E+02
      1600  3.510360E+02
      1601  3.502612E+02
      1602  3.509766E+02
      1603  3.517070E+02
      1604  3.487305E+02
      1605  3.539476E+02
      1606  3.527641E+02
      1607  3.506739E+02
      1608  3.535999E+02
      1609  3.500800E+02
      1610  3.509730E+02
      1611  3.535841E+02
      1612  3.524224E+02
      1613  3.524409E+02
      1614  3.496698E+02
      1615  3.488158E+02
      1616  3.528303E+02
      1617  3.514201E+02
      1618  3.498179E+02
      1619  3.518828E+02
      1620  3.493307E+02
      1621  3.546506E+02
      1622  3.511972E+02
      1623  3.533503E+02
      1624  3.540447E+02
      1625  3.503135E+02
      1626  3.513555E+02
      1627  3.524166E+02
      1628  3.522768E+02
      1629  3.497374E+02
      1630  3.490533E+02
      1631  3.501112E+02
      1632  3.536458E+02
      1633  3.505657E+02
      1634  3.045470E+02
      1635  3.039827E+02
      1636  3.052705E+02
      1637  3.075669E+02
      1638  3.042796E+02
      1639  3.046975E+02
      1640  3.066268E+02
      1641  3.029385E+02
      1642  3.060981E+02
      1643  3.048932E+02
      1644  3.022949E+02
      1645  3.034195E+02
      1646  3.035961E+02
      1647  3.064761E+02
      1648  3.072014E+02
      1649  3.033535E+02
      1650  3.045462E+02
      1651  3.059581E+02
      1652  3.034944E+02
      1653  3.055755E+02
      1654  3.280771E+02
      1655  3.388094E+02
      1656  3.180591E+02
      1657  3.141844E+02
      1658  3.163517E+02
      1659  3.438646E+02
      1660  3.379537E+02
      1661  3.241660E+02
      1662  3.228248E+02
      1663  3.216231E+02
      1664  3.207840E+02
      1665  3.154488E+02
      1666  3.320951E+02
      1667  3.322601E+02
      1668  3.317342E+02
      1669  3.333156E+02
      1670  3.355438E+02
      1671  3.371430E+02
      1672  3.371021E+02
      1673  3.361307E+02
      1674  3.352332E+02
      1675  3.405534E+02
      1676  3.451217E+02
      1677  3.448458E+02
      1678  3.220373E+02
      1679  3.216974E+02
      1680  3.209231E+02
      1681  3.151416E+02
      1682  3.320750E+02
      1683  3.318430E+02
      1684  3.316285E+02
      1685  3.331930E+02
      1686  3.354195E+02
      1687  3.367932E+02
      1688  3.372251E+02
      1689  3.360219E+02
      1690  3.351491E+02
      1691  3.409960E+02
      1692  3.448241E+02
      1693  3.451691E+02
      1694  3.220615E+02
      1695  3.215800E+02
      1696  3.207004E+02
      1697  3.149666E+02
      1698  3.320686E+02
      1699  3.320777E+02
      1700  3.316040E+02
      1701  3.330313E+02
      1702  3.356521E+02
      1703  3.370044E+02
      1704  3.371664E+02
      1705  3.361158E+02
      1706  3.351834E+02
      1707  3.409657E+02
      1708  3.455401E+02
      1709  3.454751E+02
      1710  3.211566E+02
      1711  3.127161E+02
      1712  3.122928E+02
      1713  3.217042E+02
      1714  3.357760E+02
      1715  3.447380E+02
      1716  3.455429E+02
      1717  3.420506E+02
      1718  3.359978E+02
      1719  3.360302E+02
      1720  3.316431E+02
      1721  3.255187E+02
      1722  3.212440E+02
      1723  3.213568E+02
      1724  3.255192E+02
      1725  3.118368E+02
      1726  3.119594E+02
      1727  3.457309E+02
      1728  3.315077E+02
      1729  3.459941E+02
      1730  3.218555E+02
      1731  3.209425E+02
      1732  3.231448E+02
      1733  3.251619E+02
      1734  3.248318E+02
      1735  3.233232E+02
      1736  3.231258E+02
      1737  3.273467E+02
      1738  3.465011E+02
      1739  3.312988E+02
      1740  3.215352E+02
      1741  3.204461E+02
      1742  3.227982E+02
      1743  3.249095E+02
      1744  3.246833E+02
      1745  3.179050E+02
      1746  3.260346E+02
      1747  3.377360E+02
      1748  3.115949E+02
      1749  3.333288E+02
      1750  3.359773E+02
      1751  3.360442E+02
      1752  3.336128E+02
      1753  3.119383E+02
      1754  3.386771E+02
      1755  3.319704E+02
      1756  3.275889E+02
      1757  3.273045E+02
      1758  3.234503E+02
      1759  3.163606E+02
      1760  3.119015E+02
      1761  3.123991E+02
      1762  3.170453E+02
      1763  3.237086E+02
      1764  3.275480E+02
      1765  3.280495E+02
      1766  3.324976E+02
      1767  3.396016E+02
      1768  3.446965E+02
      1769  3.451542E+02
      1770  3.216270E+02
      1771  3.226127E+02
      1772  3.222411E+02
      1773  3.198272E+02
      1774  3.189791E+02
      1775  3.368439E+02
      1776  3.382643E+02
      1777  3.381631E+02
      1778  3.366797E+02
      1779  3.343582E+02
      1780  3.330694E+02
      1781  3.199614E+02
      1782  3.344813E+02
      1783  3.258174E+02
      1784  3.177952E+02
      1785  3.239564E+02
      1786  3.455801E+02
      1787  3.238042E+02
      1788  3.222315E+02
      1789  3.115514E+02
      1790  3.457621E+02
      1791  3.281614E+02
      1792  3.276034E+02
      1793  3.235085E+02
      1794  3.164059E+02
      1795  3.122142E+02
      1796  3.116849E+02
      1797  3.166209E+02
      1798  3.234417E+02
      1799  3.217063E+02
      1800  3.202112E+02
      1801  3.203479E+02
      1802  3.212284E+02
      1803  3.225148E+02
      1804  3.237376E+02
      1805  3.248722E+02
      1806  3.285798E+02
      1807  3.323333E+02
      1808  3.335147E+02
      1809  3.347645E+02
      1810  3.363957E+02
      1811  3.375800E+02
      1812  3.361560E+02
      1813  3.340552E+02
      1814  3.406147E+02
      1815  3.465464E+02
      1816  3.465875E+02
      1817  3.366704E+02
      1818  3.347679E+02
      1819  3.321799E+02
      1820  3.284997E+02
      1821  3.239811E+02
      1822  3.169679E+02
      1823  3.119970E+02
      1824  3.118065E+02
      1825  3.167350E+02
      1826  3.232214E+02
      1827  3.217034E+02
      1828  3.203060E+02
      1829  3.210000E+02
      1830  3.229968E+02
      1831  3.255633E+02
      1832  3.299230E+02
      1833  3.277479E+02
      1834  3.274826E+02
      1835  3.236068E+02
      1836  3.162148E+02
      1837  3.114605E+02
      1838  3.119179E+02
      1839  3.165959E+02
      1840  3.229996E+02
      1841  3.213591E+02
      1842  3.199548E+02
      1843  3.200271E+02
      1844  3.209815E+02
      1845  3.223146E+02
      1846  3.233148E+02
      1847  3.245040E+02
      1848  3.282767E+02
      1849  3.320020E+02
      1850  3.330122E+02
      1851  3.342999E+02
      1852  3.358569E+02
      1853  3.369327E+02
      1854  3.355387E+02
      1855  3.340195E+02
      1856  3.400149E+02
      1857  3.448584E+02
      1858  3.449967E+02
      1859  3.284563E+02
      1860  2.981500E+02
      1861  2.981500E+02
      1862  2.981500E+02
      1863  2.981500E+02
      1864  2.981500E+02
      1865  2.981500E+02
      1866  2.981500E+02
      1867  2.981500E+02
      1868  3.581500E+02
      1869  3.581500E+02
      1870  3.581500E+02
      1871  3.581500E+02
      1872  3.581500E+02
      1873  3.581500E+02
      1874  3.581500E+02
      1875  3.581500E+02
      1876  3.581500E+02
      1877  3.279841E+02
      1878  3.334944E+02
      1879  3.274845E+02
      1880  3.275059E+02
      1881  3.188435E+02
      1882  3.279269E+02
      1883  3.283324E+02
      1884  3.281353E+02
      1885  3.283002E+02
      1886  3.315501E+02
      1887  3.171695E+02
      1888  3.281191E+02
      1889  3.240447E+02
      1890  3.392647E+02
      1891  3.280544E+02
      1892  3.239040E+02
      1893  3.390205E+02
      1894  3.279730E+02
      1895  3.242232E+02
      1896  3.390814E+02
      1897  3.278446E+02
      1898  3.319499E+02
      1899  3.173033E+02
      1900  3.281152E+02
      1901  3.244890E+02
      1902  3.392805E+02
      1903  3.285547E+02
      1904  3.318287E+02
      1905  3.170681E+02
      1906  3.281299E+02
      1907  3.318319E+02
      1908  3.171599E+02
      1909  3.279256E+02
      1910  3.242976E+02
      1911  3.390236E+02
      1912  3.280256E+02
      1913  3.319378E+02
      1914  3.168402E+02
      1915  3.280529E+02
      1916  3.322356E+02
      1917  3.171198E+02
      1918  3.281350E+02
      1919  3.245955E+02
      1920  3.392237E+02
      1921  3.283548E+02
      1922  3.319050E+02
      1923  3.168266E+02
      1924  3.282339E+02
      1925  3.243522E+02
      1926  3.394205E+02
      1927  3.277012E+02
      1928  3.321007E+02
      1929  3.169509E+02
      1930  3.280855E+02
      1931  3.242802E+02
      1932  3.391347E+02
      1933  3.279934E+02
      1934  3.323552E+02
      1935  3.169502E+02
      1936  3.281325E+02
      1937  3.321135E+02
      1938  3.169940E+02
      1939  3.280660E+02
      1940  3.241723E+02
      1941  3.389040E+02
      1942  3.067327E+02
      1943  3.042925E+02
      1944  3.057606E+02
      1945  3.029478E+02
      1946  3.040078E+02
      1947  3.061049E+02
      1948  3.030593E+02
      1949  3.063905E+02
      1950  3.052330E+02
      1951  3.307709E+02
      1952  3.365024E+02
      1953  3.427561E+02
      1954  3.419414E+02
      1955  3.199263E+02
      1956  3.462502E+02
      1957  3.282985E+02
      1958  3.313599E+02
      1959  3.237813E+02
      1960  3.294465E+02
      1961  3.174318E+02
      1962  3.287378E+02
      1963  3.412697E+02
      1964  3.152259E+02
      1965  3.074050E+02
      1966  3.418923E+02
      1967  3.502938E+02
      1968  3.317774E+02
      1969  3.436028E+02
      1970  3.206989E+02
      1971  3.393124E+02
      1972  3.458708E+02
      1973  3.158022E+02
      1974  3.286423E+02
      1975  3.283874E+02
      1976  3.319624E+02
      1977  3.377645E+02
      1978  3.364911E+02
      1979  3.074191E+02
      1980  3.075060E+02
      1981  3.501575E+02
      1982  3.406083E+02
      1983  3.490919E+02
      1984  3.402095E+02
      1985  3.272103E+02
      1986  3.277613E+02
      1987  3.203875E+02
      1988  3.145331E+02
      1989  3.276849E+02
      1990  3.439510E+02
      1991  3.414237E+02
      1992  3.226279E+02
      1993  3.335296E+02
      1994  3.301702E+02
      1995  3.460487E+02
      1996  3.336852E+02
      1997  3.371501E+02
      1998  3.261125E+02
      1999  3.121085E+02
      2000  3.437945E+02
      2001  3.312141E+02
      2002  3.284300E+02
      2003  3.425824E+02
      2004  3.121028E+02
      2005  3.276461E+02
      2006  3.269071E+02
      2007  3.264641E+02
      2008  3.219535E+02
      2009  3.305575E+02
      2010  3.228018E+02
      2011  3.284423E+02
      2012  3.246395E+02
      2013  3.310925E+02
      2014  3.373210E+02
      2015  3.216787E+02
      2016  3.247323E+02
      2017  3.382162E+02
      2018  3.220915E+02
      2019  3.237980E+02
      2020  3.263867E+02
      2021  3.285077E+02
      2022  3.249347E+02
      2023  3.396878E+02
      2024  3.284397E+02
      2025  3.514498E+02
      2026  3.223716E+02
      2027  3.241619E+02
      2028  3.329211E+02
      2029  3.216853E+02
      2030  3.313625E+02
      2031  3.244133E+02
      2032  3.217498E+02
      2033  3.277162E+02
      2034  3.423434E+02
      2035  3.207600E+02
      2036  3.482050E+02
      2037  3.097106E+02
      2038  3.103309E+02
      2039  3.177363E+02
      2040  3.417350E+02
      2041  3.227162E+02
      2042  3.246282E+02
      2043  3.364745E+02
      2044  3.352427E+02
      2045  3.248834E+02
      2046  3.016468E+02
      2047  3.133556E+02
      2048  3.351724E+02
      2049  3.458875E+02
      2050  3.417138E+02
      2051  3.379589E+02
      2052  3.209910E+02
      2053  3.430707E+02
      2054  3.352971E+02
      2055  3.361678E+02
      2056  3.245160E+02
      2057  3.361907E+02
      2058  3.361587E+02
      2059  3.231362E+02
      2060  3.409101E+02
      2061  3.364441E+02
      2062  3.303191E+02
      2063  3.222543E+02
      2064  3.220840E+02
      2065  3.225303E+02
      2066  3.352327E+02
      2067  3.351763E+02
      2068  3.351325E+02
      2069  3.177156E+02
      2070  3.215705E+02
      2071  3.272452E+02
      2072  3.467473E+02
      2073  3.372279E+02
      2074  3.145297E+02
      2075  3.206125E+02
      2076  3.269129E+02
      2077  3.375352E+02
      2078  3.244840E+02
      2079  3.489136E+02
      2080  3.245219E+02
      2081  3.336012E+02
      2082  3.337576E+02
      2083  3.087142E+02
      2084  3.404603E+02
      2085  3.332144E+02
      2086  3.342261E+02
      2087  3.208698E+02
      2088  3.201168E+02
      2089  3.090009E+02
      2090  3.199337E+02
      2091  3.333890E+02
      2092  3.336794E+02
      2093  3.276276E+02
      2094  3.377139E+02
      2095  3.412807E+02
      2096  3.466840E+02
      2097  3.115144E+02
      2098  3.209561E+02
      2099  3.209854E+02
      2100  3.425905E+02
      2101  3.423376E+02
      2102  3.282792E+02
      2103  3.029774E+02
      2104  3.321449E+02
      2105  3.276403E+02
      2106  3.348881E+02
      2107  3.283226E+02
      2108  3.294968E+02
      2109  3.338497E+02
      2110  3.032116E+02
      2111  3.344568E+02
      2112  3.285841E+02
      2113  3.450027E+02
      2114  3.284609E+02
      2115  3.083057E+02
      2116  3.343957E+02
      2117  3.349636E+02
      2118  3.324277E+02
      2119  3.317026E+02
      2120  3.389939E+02
      2121  3.280972E+02
      2122  3.484206E+02
      2123  3.204793E+02
      2124  3.349695E+02
      2125  3.287936E+02
      2126  3.063156E+02
      2127  3.250893E+02
      2128  3.337872E+02
      2129  3.204772E+02
      2130  3.201847E+02
      2131  3.540893E+02
      2132  3.235583E+02
      2133  3.237709E+02
      2134  3.200129E+02
      2135  3.245875E+02
      2136  3.315857E+02
      2137  3.245780E+02
      2138  3.044966E+02
      2139  3.355611E+02
      2140  3.310749E+02
      2141  3.272358E+02
      2142  3.099634E+02
      2143  3.334434E+02
      2144  3.249554E+02
      2145  3.374421E+02
      2146  3.283936E+02
      2147  3.043144E+02
      2148  3.241685E+02
      2149  3.505868E+02
      2150  3.266014E+02
      2151  3.305650E+02
      2152  3.520156E+02
      2153  3.170231E+02
      2154  3.239868E+02
      2155  3.205690E+02
      2156  3.326441E+02
      2157  3.506043E+02
      2158  3.229063E+02
      2159  3.080835E+02
      2160  3.250397E+02
      2161  3.437821E+02
      2162  3.036712E+02
      2163  3.074527E+02
      2164  3.368977E+02
      2165  3.303723E+02
      2166  3.183646E+02
      2167  3.401146E+02
      2168  3.118044E+02
      2169  3.227287E+02
      2170  3.274695E+02
      2171  3.047412E+02
      2172  3.475172E+02
      2173  3.488073E+02
      2174  3.488793E+02
      2175  3.268240E+02
      2176  3.470838E+02
      2177  3.355488E+02
      2178  3.101816E+02
      2179  3.356752E+02
      2180  3.513901E+02
      2181  3.173126E+02
      2182  3.279576E+02
      2183  3.495565E+02
      2184  3.398001E+02
      2185  3.514254E+02
      2186  3.488926E+02
      2187  3.160837E+02
      2188  3.291279E+02
      2189  3.033467E+02
      2190  3.320551E+02
      2191  3.289664E+02
      2192  3.189227E+02
      2193  3.122236E+02
      2194  3.084606E+02
      2195  3.473652E+02
      2196  3.375451E+02
      2197  3.062816E+02
      2198  3.319439E+02
      2199  3.359873E+02
      2200  3.117900E+02
      2201  3.398416E+02
      2202  3.509010E+02
      2203  3.421119E+02
      2204  3.105904E+02
      2205  3.116786E+02
      2206  3.457147E+02
      2207  3.428082E+02
      2208  3.092019E+02
      2209  3.069370E+02
      2210  3.336242E+02
      2211  3.117907E+02
      2212  3.473099E+02
      2213  3.418410E+02
      2214  3.118228E+02
      2215  3.081650E+02
      2216  3.476593E+02
      2217  3.448125E+02
      2218  3.421157E+02
      2219  3.229108E+02
      2220  3.111873E+02
      2221  3.084454E+02
      2222  3.470867E+02
      2223  3.440422E+02
      2224  3.457223E+02
      2225  3.250821E+02
      2226  3.449616E+02
      2227  3.463108E+02
      2228  3.233763E+02
      2229  3.516742E+02
      2230  3.464420E+02
      2231  3.046795E+02
      2232  3.337428E+02
      2233  3.060904E+02
      2234  3.200573E+02
      2235  3.235569E+02
      2236  3.306962E+02
      2237  3.112407E+02
      2238  3.411439E+02
      2239  3.166085E+02
      2240  3.281376E+02
      2241  3.121956E+02
      2242  3.329826E+02
      2243  3.324083E+02
      2244  3.326219E+02
      2245  3.377640E+02
      2246  3.351052E+02
      2247  3.351650E+02
      2248  3.354426E+02
      2249  3.250182E+02
      2250  3.251366E+02
      2251  3.073639E+02
      2252  3.276882E+02
      2253  3.466061E+02
      2254  3.424465E+02
      2255  3.412893E+02
      2256  3.355407E+02
      2257  3.353256E+02
      2258  3.266358E+02
      2259  3.203916E+02
      2260  3.044724E+02
      2261  3.347490E+02
      2262  3.352292E+02
      2263  3.354450E+02
      2264  3.239888E+02
      2265  3.219170E+02
      2266  3.274242E+02
      2267  3.374701E+02
      2268  3.381624E+02
      2269  3.075468E+02
      2270  3.304346E+02
      2271  3.233037E+02
      2272  3.260924E+02
      2273  3.465778E+02
      2274  3.318192E+02
      2275  3.315085E+02
      2276  3.153850E+02
      2277  3.142573E+02
      2278  3.449444E+02
      2279  3.220751E+02
      2280  3.221848E+02
      2281  3.278813E+02
      2282  3.218578E+02
      2283  3.204812E+02
      2284  3.458194E+02
      2285  3.218168E+02
      2286  3.223981E+02
      2287  3.212631E+02
      2288  3.244059E+02
      2289  3.517534E+02
      2290  3.222674E+02
      2291  3.215613E+02
      2292  3.327599E+02
      2293  3.335704E+02
      2294  3.340624E+02
      2295  3.161645E+02
      2296  3.255936E+02
      2297  3.351251E+02
      2298  3.519056E+02
      2299  3.376751E+02
      2300  3.197110E+02
      2301  3.303572E+02
      2302  3.088379E+02
      2303  3.527151E+02
      2304  3.300016E+02
      2305  3.274214E+02
      2306  3.172251E+02
      2307  3.396964E+02
      2308  3.205165E+02
      2309  3.512032E+02
      2310  3.354356E+02
      2311  3.389457E+02
      2312  3.210704E+02
      2313  3.472190E+02
      2314  3.038029E+02
      2315  3.291827E+02
      2316  3.336481E+02
      2317  3.532445E+02
      2318  3.507849E+02
      2319  3.277575E+02
      2320  3.279930E+02
      2321  3.182593E+02
      2322  3.482081E+02
      2323  3.304388E+02
      2324  3.045411E+02
      2325  3.448277E+02
      2326  3.292119E+02
      2327  3.312067E+02
      2328  3.353663E+02
      2329  3.506199E+02
      2330  3.514580E+02
      2331  3.074869E+02
      2332  3.409016E+02
      2333  3.030205E+02
      2334  3.080198E+02
      2335  3.095336E+02
      2336  3.312585E+02
      2337  3.101459E+02
      2338  3.443988E+02
      2339  3.124403E+02
      2340  3.158082E+02
      2341  3.478740E+02
      2342  3.419001E+02
      2343  3.236528E+02
      2344  3.113140E+02
      2345  3.422684E+02
      2346  3.488824E+02
      2347  3.157701E+02
      2348  3.094314E+02
      2349  3.049690E+02
      2350  3.533870E+02
      2351  3.441949E+02
      2352  3.035662E+02
      2353  3.536124E+02
      2354  3.463206E+02
      2355  3.444247E+02
      2356  3.449849E+02
      2357  3.526676E+02
      2358  3.130605E+02
      2359  3.113687E+02
      2360  3.056545E+02
      2361  3.506121E+02
      2362  3.065253E+02
      2363  3.474582E+02
      2364  3.058945E+02
      2365  3.058761E+02
      2366  3.490908E+02
      2367  3.185833E+02
      2368  3.454847E+02
      2369  3.393912E+02
      2370  3.399481E+02
      2371  3.127624E+02
      2372  3.165540E+02
      2373  3.113772E+02
      2374  3.330011E+02
      2375  3.260325E+02
      2376  3.266062E+02
      2377  3.247445E+02
      2378  3.339377E+02
      2379  3.333138E+02
      2380  3.330677E+02
      2381  3.091537E+02
      2382  3.340738E+02
      2383  3.288693E+02
      2384  3.428908E+02
      2385  3.211900E+02
      2386  3.294003E+02
      2387  3.087499E+02
      2388  3.515384E+02
      2389  3.482221E+02
      2390  3.230763E+02
      2391  3.233408E+02
      2392  3.332341E+02
      2393  3.254805E+02
      2394  3.362685E+02
      2395  3.364276E+02
      2396  3.274741E+02
      2397  3.341087E+02
      2398  3.425808E+02
      2399  3.111480E+02
      2400  3.229106E+02
      2401  3.244605E+02
      2402  3.054020E+02
      2403  3.243991E+02
      2404  3.231120E+02
      2405  3.537359E+02
      2406  3.354918E+02
      2407  3.544000E+02
      2408  3.364220E+02
      2409  3.178805E+02
      2410  3.067480E+02
      2411  3.471739E+02
      2412  3.177326E+02
      2413  3.329057E+02
      2414  3.462434E+02
      2415  3.323578E+02
      2416  3.366018E+02
      2417  3.232398E+02
      2418  3.449491E+02
      2419  3.193565E+02
      2420  3.322766E+02
      2421  3.218675E+02
      2422  3.221271E+02
      2423  3.367041E+02
      2424  3.187444E+02
      2425  3.136816E+02
      2426  3.044730E+02
      2427  3.426525E+02
      2428  3.450509E+02
      2429  3.442820E+02
      2430  3.354830E+02
      2431  3.127497E+02
      2432  3.137589E+02
      2433  3.175283E+02
      2434  3.532803E+02
      2435  3.057422E+02
      2436  3.367401E+02
      2437  3.147127E+02
      2438  3.305975E+02
      2439  3.354179E+02
      2440  3.416332E+02
      2441  3.461893E+02
      2442  3.507629E+02
      2443  3.127940E+02
      2444  3.465320E+02
      2445  3.308686E+02
      2446  3.241217E+02
      2447  3.451737E+02
      2448  3.034710E+02
      2449  3.042286E+02
      2450  3.279320E+02
      2451  3.088239E+02
      2452  3.351701E+02
      2453  3.089431E+02
      2454  3.532089E+02
      2455  3.190066E+02
      2456  3.436593E+02
      2457  3.110511E+02
      2458  3.048052E+02
      2459  3.132132E+02
      2460  3.427854E+02
      2461  3.462730E+02
      2462  3.172259E+02
      2463  3.029759E+02
      2464  3.273127E+02
      2465  3.336275E+02
      2466  3.339897E+02
      2467  3.217652E+02
      2468  3.288794E+02
      2469  3.209556E+02
      2470  3.260808E+02
      2471  3.346881E+02
      2472  3.411027E+02
      2473  3.210638E+02
      2474  3.362365E+02
      2475  3.358812E+02
      2476  3.278802E+02
      2477  3.127995E+02
      2478  3.386664E+02
      2479  3.345874E+02
      2480  3.342168E+02
      2481  3.515637E+02
      2482  3.367470E+02
      2483  3.229614E+02
      2484  3.235257E+02
      2485  3.154636E+02
      2486  3.051076E+02
      2487  3.507853E+02
      2488  3.079469E+02
      2489  3.446034E+02
      2490  3.269153E+02
      2491  3.125569E+02
      2492  3.189943E+02
      2493  3.514207E+02
      2494  3.457471E+02
      2495  3.197666E+02
      2496  3.440510E+02
      2497  3.537640E+02
      2498  3.106210E+02
      2499  3.101811E+02
      2500  3.422790E+02
      2501  3.183953E+02
      2502  3.279390E+02
      2503  3.507720E+02
      2504  3.291745E+02
      2505  3.337918E+02
      2506  3.266731E+02
      2507  3.485816E+02
      2508  3.347884E+02
      2509  3.325579E+02
      2510  3.361797E+02
      2511  3.366837E+02
      2512  3.189764E+02
      2513  3.280194E+02
      2514  3.359070E+02
      2515  3.225810E+02
      2516  3.151397E+02
      2517  3.368928E+02
      2518  3.091411E+02
      2519  3.062681E+02
      2520  3.085235E+02
      2521  3.459254E+02
      2522  3.546079E+02
      2523  3.104104E+02
      2524  3.463080E+02
      2525  3.063384E+02
      2526  3.251015E+02
      2527  3.379439E+02
      2528  3.003947E+02
      2529  3.079589E+02
      2530  3.462341E+02
      2531  3.218970E+02
      2532  3.052011E+02
      2533  3.337045E+02
      2534  3.348109E+02
      2535  3.026835E+02
      2536  3.018426E+02
      2537  3.489965E+02
      2538  3.119035E+02
      2539  3.432566E+02
      2540  3.299420E+02
      2541  3.297374E+02
      2542  3.314114E+02
      2543  3.122116E+02
      2544  3.365276E+02
      2545  3.332535E+02
      2546  3.216245E+02
      2547  3.079240E+02
      2548  3.538556E+02
      2549  3.216726E+02
      2550  3.285460E+02
      2551  3.489591E+02
      2552  3.439129E+02
      2553  3.345439E+02
      2554  3.048456E+02
      2555  3.256784E+02
      2556  3.509737E+02
      2557  3.104589E+02
      2558  3.454867E+02
      2559  3.470305E+02
      2560  3.101032E+02
      2561  3.500556E+02
      2562  3.048926E+02
      2563  3.284294E+02
      2564  3.106719E+02
      2565  3.282163E+02
      2566  3.129550E+02
      2567  3.282290E+02
      2568  3.277317E+02
      2569  3.044559E+02
      2570  3.560317E+02
      2571  3.274968E+02
      2572  3.232993E+02
      2573  3.211980E+02
      2574  3.385730E+02
      2575  3.338535E+02
      2576  3.060305E+02
      2577  3.044653E+02
      2578  3.511382E+02
      2579  3.525791E+02
      2580  3.255945E+02
      2581  3.423875E+02
      2582  3.076237E+02
      2583  3.486949E+02
      2584  3.378453E+02
      2585  3.555368E+02
      2586  3.504376E+02
      2587  3.519060E+02
      2588  3.396090E+02
      2589  3.055804E+02
      2590  3.061430E+02
      2591  3.503991E+02
