/*--------------------------------*- C++ -*----------------------------------*\
| =========                 |                                                 |
| \\      /  F ield         | OpenFOAM: The Open Source CFD Toolbox           |
|  \\    /   O peration     | Version:  2312                                  |
|   \\  /    A nd           | Website:  www.openfoam.com                      |
|    \\/     M anipulation  |                                                 |
\*---------------------------------------------------------------------------*/
FoamFile
{
    version     2.0;
    format      ascii;
    arch        "LSB;label=32;scalar=64";
    class       faceList;
    location    "constant/polyMesh";
    object      faces;
}
// * * * * * * * * * * * * * * * * * * * * * * * * * * * * * * * * * * * * * //


2299
(
3(35 258 115)
3(26 258 35)
3(26 115 258)
3(34 304 25)
3(25 304 115)
3(34 115 304)
3(34 304 116)
3(25 116 304)
3(304 115 258)
3(115 25 258)
3(304 115 167)
3(167 115 258)
3(304 167 258)
3(34 167 304)
3(115 167 34)
3(116 167 304)
3(116 34 167)
3(160 258 115)
3(160 35 258)
3(160 115 35)
3(161 125 216)
3(161 53 125)
3(53 216 125)
3(160 167 115)
3(160 258 167)
3(314 124 161)
3(314 52 124)
3(314 161 52)
3(161 124 52)
3(115 160 34)
3(272 161 125)
3(216 272 125)
3(216 161 272)
3(80 266 144)
3(80 89 266)
3(144 266 89)
3(61 163 70)
3(163 136 70)
3(61 136 163)
3(163 70 134)
3(163 134 61)
3(53 125 272)
3(53 272 161)
3(114 36 152)
3(121 114 152)
3(121 152 36)
3(272 124 161)
3(272 314 124)
3(272 161 314)
3(162 79 88)
3(146 79 162)
3(146 162 88)
3(144 88 162)
3(144 162 79)
3(35 114 258)
3(26 258 114)
3(118 260 37)
3(121 260 118)
3(121 37 260)
3(118 260 120)
3(118 38 260)
3(120 260 38)
3(120 29 260)
3(118 260 29)
3(213 152 114)
3(213 114 36)
3(118 260 214)
3(118 214 37)
3(37 214 260)
3(214 38 260)
3(118 38 214)
3(114 258 213)
3(35 213 258)
3(114 213 35)
3(44 272 53)
3(44 125 272)
3(53 124 272)
3(44 272 124)
3(161 53 124)
3(134 163 273)
3(163 70 273)
3(134 273 70)
3(121 260 28)
3(118 28 260)
3(38 156 260)
3(156 120 260)
3(38 120 156)
3(214 156 260)
3(132 166 138)
3(138 166 67)
3(132 67 166)
3(147 142 164)
3(94 164 142)
3(94 147 164)
3(147 85 164)
3(142 164 85)
3(120 318 260)
3(29 318 120)
3(319 163 136)
3(319 70 163)
3(319 136 70)
3(43 314 52)
3(124 314 43)
3(126 314 52)
3(126 43 314)
3(163 232 136)
3(61 136 232)
3(234 162 146)
3(234 146 79)
3(134 163 352)
3(273 134 352)
3(273 352 163)
3(142 281 164)
3(142 94 281)
3(281 94 164)
3(151 90 315)
3(145 151 315)
3(145 315 90)
3(318 156 120)
3(318 260 156)
3(266 162 144)
3(266 88 162)
3(266 144 88)
3(336 272 125)
3(336 125 216)
3(336 216 272)
3(121 114 303)
3(152 303 114)
3(152 121 303)
3(127 235 122)
3(122 235 49)
3(127 49 235)
3(162 80 266)
3(144 80 162)
3(62 352 134)
3(62 163 352)
3(62 134 163)
3(227 345 175)
3(173 175 345)
3(227 173 345)
3(121 27 303)
3(27 114 303)
3(114 213 303)
3(213 152 303)
3(178 276 227)
3(178 183 276)
3(183 227 276)
3(136 319 232)
3(163 232 319)
3(303 258 114)
3(303 114 26)
3(178 276 17)
3(178 17 227)
3(227 17 276)
3(152 215 310)
3(214 310 215)
3(214 152 310)
3(17 345 175)
3(17 175 227)
3(17 227 345)
3(52 233 314)
3(126 314 233)
3(52 126 233)
3(127 235 58)
3(122 58 235)
3(213 303 258)
3(127 235 210)
3(58 127 210)
3(175 345 1)
3(175 1 173)
3(173 1 345)
3(307 146 162)
3(307 162 88)
3(307 88 146)
3(56 217 306)
3(56 306 128)
3(128 306 217)
3(56 128 217)
3(272 43 124)
3(175 17 1)
3(56 157 306)
3(306 157 217)
3(213 225 324)
3(303 324 225)
3(303 213 324)
3(303 225 213)
3(117 320 112)
3(40 112 320)
3(117 40 320)
3(117 320 31)
3(112 31 320)
3(193 186 284)
3(193 284 196)
3(186 196 284)
3(121 310 28)
3(260 310 121)
3(234 162 307)
3(234 307 146)
3(225 215 310)
3(152 225 310)
3(138 76 166)
3(132 166 76)
3(173 265 172)
3(173 171 265)
3(171 172 265)
3(193 277 284)
3(193 186 277)
3(186 284 277)
3(104 178 177)
3(104 177 179)
3(104 179 178)
3(226 172 261)
3(172 265 261)
3(226 261 265)
3(226 265 172)
3(30 39 318)
3(117 30 318)
3(117 318 39)
3(120 39 318)
3(120 318 30)
3(278 277 181)
3(278 181 186)
3(278 186 277)
3(186 181 277)
3(160 213 258)
3(85 212 147)
3(164 147 212)
3(166 211 138)
3(138 211 67)
3(213 169 324)
3(169 225 324)
3(131 306 128)
3(131 56 306)
3(128 47 306)
3(131 306 47)
3(57 210 48)
3(57 131 210)
3(48 210 131)
3(48 127 210)
3(57 210 127)
3(197 248 349)
3(298 197 349)
3(298 349 248)
3(298 248 197)
3(255 117 320)
3(255 31 117)
3(315 145 266)
3(145 80 266)
3(315 80 145)
3(315 266 80)
3(178 3 276)
3(178 183 3)
3(3 183 276)
3(263 315 151)
3(263 151 90)
3(225 215 286)
3(310 286 215)
3(310 225 286)
3(280 189 192)
3(280 187 189)
3(280 192 187)
3(190 215 286)
3(190 286 225)
3(17 178 3)
3(255 318 117)
3(255 117 30)
3(151 315 81)
3(145 81 315)
3(57 131 157)
3(210 157 131)
3(40 165 320)
3(40 112 165)
3(165 112 320)
3(121 303 310)
3(121 310 152)
3(152 310 303)
3(178 106 104)
3(178 177 106)
3(104 106 177)
3(131 56 157)
3(131 157 306)
3(173 265 174)
3(172 174 265)
3(178 3 22)
3(178 22 104)
3(178 104 3)
3(22 3 104)
3(176 177 107)
3(176 107 106)
3(176 106 177)
3(106 107 177)
3(156 39 318)
3(156 120 39)
3(266 89 145)
3(315 145 89)
3(310 121 27)
3(192 344 189)
3(344 280 189)
3(192 280 344)
3(349 154 294)
3(263 294 154)
3(263 154 349)
3(242 199 347)
3(242 347 292)
3(292 347 199)
3(242 292 199)
3(349 154 221)
3(294 221 154)
3(294 349 221)
3(308 84 150)
3(308 159 84)
3(308 150 159)
3(150 84 159)
3(174 1 265)
3(1 173 265)
3(174 173 1)
3(93 308 84)
3(93 150 308)
3(84 147 308)
3(93 308 147)
3(211 76 166)
3(138 76 211)
3(208 320 117)
3(208 40 320)
3(208 117 40)
3(214 156 312)
3(260 312 156)
3(260 214 312)
3(172 261 174)
3(226 174 261)
3(336 44 125)
3(179 104 105)
3(179 105 177)
3(105 104 177)
3(215 286 327)
3(190 215 327)
3(190 327 286)
3(347 291 199)
3(242 291 347)
3(242 199 291)
3(66 256 75)
3(66 140 256)
3(75 256 140)
3(66 256 138)
3(75 138 256)
3(278 3 181)
3(181 3 277)
3(255 117 208)
3(255 208 320)
3(349 197 221)
3(349 221 248)
3(171 265 267)
3(173 267 265)
3(171 267 173)
3(231 156 312)
3(231 312 214)
3(49 322 235)
3(122 235 322)
3(122 322 49)
3(192 344 291)
3(192 291 189)
3(291 344 189)
3(249 304 116)
3(249 167 304)
3(249 116 167)
3(208 117 318)
3(39 208 318)
3(39 117 208)
3(174 20 176)
3(343 20 174)
3(343 174 176)
3(343 176 20)
3(208 165 320)
3(17 178 106)
3(104 178 17)
3(104 17 106)
3(271 7 187)
3(182 187 7)
3(182 271 187)
3(182 7 271)
3(211 326 236)
3(326 256 236)
3(211 256 326)
3(211 236 256)
3(265 261 174)
3(116 249 341)
3(304 341 249)
3(304 116 341)
3(265 226 275)
3(261 275 226)
3(224 19 189)
3(19 262 189)
3(224 189 262)
3(224 262 19)
3(174 175 20)
3(174 20 1)
3(1 20 175)
3(174 1 175)
3(211 326 201)
3(201 326 236)
3(187 344 280)
3(187 189 344)
3(80 222 315)
3(222 145 315)
3(80 145 222)
3(255 318 208)
3(335 150 148)
3(335 148 83)
3(335 83 150)
3(92 335 150)
3(92 148 335)
3(335 91 82)
3(335 82 148)
3(335 148 91)
3(91 151 335)
3(335 151 82)
3(268 128 306)
3(268 306 217)
3(268 217 128)
3(158 140 256)
3(158 256 66)
3(158 66 140)
3(156 318 312)
3(225 303 286)
3(324 225 286)
3(177 224 107)
3(177 19 224)
3(177 107 19)
3(19 107 224)
3(265 172 275)
3(172 226 275)
3(156 208 318)
3(263 81 151)
3(263 315 81)
3(20 176 175)
3(137 140 269)
3(65 269 140)
3(137 269 65)
3(314 161 233)
3(237 281 212)
3(164 212 281)
3(164 281 237)
3(54 336 125)
3(216 336 54)
3(216 54 125)
3(7 344 187)
3(180 7 187)
3(180 187 344)
3(180 344 7)
3(354 305 169)
3(169 305 324)
3(354 169 324)
3(285 316 172)
3(285 172 170)
3(170 172 316)
3(285 170 316)
3(231 215 311)
3(229 231 311)
3(229 311 215)
3(199 262 223)
3(199 189 262)
3(262 189 223)
3(107 176 224)
3(347 243 242)
3(217 243 347)
3(217 347 242)
3(55 332 130)
3(153 130 332)
3(153 55 130)
3(153 332 55)
3(20 176 107)
3(20 106 176)
3(20 107 106)
3(269 74 140)
3(137 74 269)
3(214 215 311)
3(231 214 311)
3(128 332 130)
3(55 332 128)
3(46 128 332)
3(46 332 130)
3(297 240 334)
3(334 240 293)
3(297 293 240)
3(308 84 212)
3(147 212 84)
3(147 308 212)
3(65 269 158)
3(158 269 140)
3(65 158 140)
3(126 252 314)
3(126 339 252)
3(339 314 252)
3(126 314 339)
3(178 181 22)
3(3 22 181)
3(178 3 181)
3(215 311 286)
3(215 310 311)
3(261 20 174)
3(261 174 343)
3(80 222 266)
3(222 315 266)
3(176 5 107)
3(176 224 5)
3(107 5 224)
3(231 193 312)
3(230 312 193)
3(230 231 312)
3(206 278 197)
3(206 186 278)
3(186 197 278)
3(256 211 76)
3(256 76 166)
3(256 166 211)
3(172 265 316)
3(172 285 265)
3(280 7 187)
3(280 187 271)
3(226 293 200)
3(240 293 226)
3(240 200 293)
3(287 193 284)
3(287 284 196)
3(287 196 193)
3(180 19 189)
3(224 19 180)
3(239 313 326)
3(239 326 158)
3(326 313 158)
3(239 158 313)
3(268 242 153)
3(268 217 242)
3(268 153 217)
3(344 189 19)
3(344 262 189)
3(192 280 207)
3(280 300 207)
3(192 300 280)
3(192 207 300)
3(292 242 268)
3(347 268 242)
3(172 316 275)
3(198 316 172)
3(198 172 275)
3(198 275 316)
3(287 193 277)
3(159 212 308)
3(187 280 207)
3(222 247 266)
3(222 266 325)
3(222 325 247)
3(247 325 266)
3(22 178 179)
3(22 179 181)
3(193 331 183)
3(229 183 331)
3(193 229 331)
3(176 343 5)
3(176 5 185)
3(176 185 343)
3(5 343 185)
3(54 336 45)
3(45 336 125)
3(349 289 197)
3(298 197 289)
3(148 335 220)
3(82 148 220)
3(82 220 335)
3(292 291 199)
3(81 154 263)
3(81 151 154)
3(154 151 263)
3(83 335 220)
3(83 220 148)
3(150 259 308)
3(150 159 259)
3(308 259 159)
3(291 192 280)
3(248 263 298)
3(248 298 315)
3(248 315 263)
3(104 22 179)
3(105 179 22)
3(105 22 104)
3(230 196 337)
3(196 209 337)
3(230 337 209)
3(83 335 259)
3(83 259 220)
3(259 335 220)
3(168 169 354)
3(305 169 168)
3(305 168 354)
3(334 218 240)
3(240 218 297)
3(334 297 218)
3(93 150 259)
3(136 232 341)
3(232 249 341)
3(136 341 249)
3(136 249 232)
3(199 262 274)
3(199 274 223)
3(274 262 223)
3(47 268 128)
3(24 33 341)
3(116 341 33)
3(116 24 341)
3(119 33 341)
3(119 341 24)
3(237 308 212)
3(237 281 308)
3(308 281 212)
3(150 335 259)
3(150 259 83)
3(278 298 206)
3(278 197 298)
3(197 206 298)
3(211 256 138)
3(66 256 211)
3(66 211 138)
3(278 206 284)
3(206 186 284)
3(278 284 186)
3(286 190 171)
3(286 267 190)
3(171 190 267)
3(286 171 267)
3(314 330 161)
3(330 272 161)
3(306 243 217)
3(157 243 306)
3(92 259 150)
3(313 256 140)
3(313 140 75)
3(196 337 287)
3(230 287 337)
3(196 287 230)
3(222 81 315)
3(145 81 222)
3(199 291 262)
3(199 189 291)
3(262 291 189)
3(180 105 179)
3(105 7 179)
3(180 7 105)
3(180 179 7)
3(161 233 330)
3(314 330 233)
3(270 22 179)
3(270 179 340)
3(22 340 179)
3(76 256 138)
3(299 326 239)
3(299 239 313)
3(331 183 277)
3(183 193 277)
3(331 277 193)
3(171 286 225)
3(229 231 331)
3(231 311 331)
3(229 331 311)
3(302 236 326)
3(302 256 236)
3(330 254 233)
3(330 161 254)
3(175 177 106)
3(175 106 178)
3(224 223 5)
3(224 262 223)
3(262 5 223)
3(224 5 262)
3(273 218 297)
3(273 246 218)
3(273 297 246)
3(218 246 297)
3(312 333 156)
3(312 156 230)
3(230 156 333)
3(312 230 333)
3(353 254 161)
3(353 161 245)
3(353 245 254)
3(7 270 179)
3(270 182 179)
3(7 179 182)
3(7 182 270)
3(223 185 5)
3(223 5 264)
3(264 5 185)
3(223 264 185)
3(81 154 315)
3(154 263 315)
3(215 311 327)
3(269 219 65)
3(269 158 219)
3(219 137 269)
3(219 65 137)
3(318 208 333)
3(208 255 333)
3(229 227 327)
3(276 327 227)
3(276 227 229)
3(276 229 327)
3(192 242 347)
3(192 347 243)
3(7 22 179)
3(331 276 183)
3(229 183 276)
3(331 229 276)
3(243 268 217)
3(243 347 268)
3(268 347 217)
3(174 1 261)
3(313 158 140)
3(256 158 313)
3(33 249 341)
3(33 116 249)
3(119 249 341)
3(119 33 249)
3(171 172 285)
3(265 171 285)
3(176 106 175)
3(76 321 166)
3(76 132 321)
3(321 132 166)
3(54 336 153)
3(153 336 130)
3(54 130 336)
3(54 153 130)
3(337 165 307)
3(320 307 165)
3(320 165 337)
3(205 264 223)
3(205 274 264)
3(205 223 274)
3(264 274 223)
3(343 174 184)
3(176 343 184)
3(163 319 273)
3(170 328 354)
3(170 316 328)
3(170 354 316)
3(349 289 221)
3(197 221 289)
3(153 268 292)
3(153 292 242)
3(180 344 189)
3(180 19 344)
3(256 211 158)
3(336 153 216)
3(151 263 91)
3(151 335 263)
3(156 333 318)
3(156 208 333)
3(171 170 285)
3(284 325 247)
3(284 247 206)
3(206 247 325)
3(284 206 325)
3(326 158 201)
3(326 201 239)
3(225 303 310)
3(5 224 185)
3(235 257 127)
3(127 257 210)
3(235 210 257)
3(257 49 235)
3(127 49 257)
3(71 352 134)
3(71 62 352)
3(256 321 166)
3(222 266 162)
3(83 259 159)
3(159 259 220)
3(190 327 229)
3(190 227 327)
3(290 226 293)
3(290 200 226)
3(290 293 200)
3(284 298 206)
3(153 244 336)
3(336 244 216)
3(211 158 326)
3(256 326 158)
3(170 169 354)
3(168 170 354)
3(154 315 222)
3(17 178 175)
3(17 175 106)
3(305 160 324)
3(258 160 305)
3(258 324 160)
3(218 352 273)
3(218 297 352)
3(349 248 263)
3(245 216 272)
3(296 272 216)
3(245 272 296)
3(245 296 216)
3(241 283 207)
3(241 204 283)
3(207 283 204)
3(163 218 273)
3(246 163 273)
3(232 341 319)
3(136 319 341)
3(348 219 155)
3(348 155 351)
3(348 351 219)
3(351 155 219)
3(268 46 128)
3(268 128 332)
3(180 105 177)
3(159 83 150)
3(275 226 293)
3(275 290 226)
3(78 251 87)
3(87 251 146)
3(78 146 251)
3(87 149 251)
3(78 251 149)
3(293 275 240)
3(226 240 275)
3(183 277 276)
3(337 196 295)
3(337 295 209)
3(196 209 295)
3(354 285 169)
3(354 170 285)
3(170 169 285)
3(206 222 298)
3(325 298 222)
3(325 222 206)
3(325 206 298)
3(177 19 180)
3(312 331 193)
3(231 193 331)
3(312 231 331)
3(345 327 227)
3(345 227 276)
3(161 272 245)
3(313 269 140)
3(158 269 313)
3(233 252 314)
3(233 126 252)
3(180 7 182)
3(201 326 302)
3(201 302 236)
3(287 196 295)
3(5 20 176)
3(107 20 5)
3(153 336 332)
3(332 336 130)
3(294 154 220)
3(294 220 263)
3(154 263 220)
3(249 60 69)
3(249 69 136)
3(249 136 60)
3(249 139 69)
3(249 60 139)
3(173 345 190)
3(227 190 345)
3(160 169 324)
3(213 160 324)
3(288 289 191)
3(289 221 191)
3(288 191 221)
3(288 221 289)
3(187 207 283)
3(187 283 188)
3(188 283 207)
3(248 349 154)
3(262 264 223)
3(336 292 244)
3(153 292 336)
3(153 244 292)
3(271 191 270)
3(271 270 182)
3(270 191 182)
3(271 182 191)
3(220 294 221)
3(106 175 20)
3(126 339 51)
3(252 51 339)
3(252 126 51)
3(249 232 304)
3(304 232 167)
3(312 193 287)
3(312 287 230)
3(193 230 287)
3(305 160 169)
3(329 212 237)
3(329 308 212)
3(329 237 308)
3(42 339 51)
3(42 126 339)
3(339 51 129)
3(339 129 42)
3(350 317 191)
3(288 191 317)
3(288 350 191)
3(289 288 228)
3(288 270 228)
3(289 228 270)
3(229 215 327)
3(282 201 299)
3(326 299 201)
3(282 326 201)
3(251 338 87)
3(146 87 338)
3(251 146 338)
3(149 251 338)
3(87 149 338)
3(168 170 328)
3(354 168 328)
3(304 341 232)
3(306 243 268)
3(267 171 285)
3(259 294 238)
3(220 259 238)
3(220 294 259)
3(220 238 294)
3(335 294 220)
3(263 335 220)
3(332 292 153)
3(268 332 153)
3(283 187 280)
3(283 280 207)
3(298 222 248)
3(298 315 222)
3(248 222 315)
3(198 316 170)
3(272 161 353)
3(272 254 161)
3(272 353 254)
3(307 162 266)
3(218 163 352)
3(62 218 352)
3(175 1 106)
3(1 20 106)
3(291 274 199)
3(279 264 185)
3(264 195 185)
3(279 195 264)
3(279 185 195)
3(228 270 179)
3(228 179 340)
3(228 340 270)
3(200 155 348)
3(200 348 219)
3(74 140 313)
3(249 69 341)
3(69 136 341)
3(249 139 341)
3(69 341 139)
3(240 275 297)
3(240 297 198)
3(198 297 275)
3(240 198 275)
3(240 334 155)
3(218 155 334)
3(273 134 71)
3(246 316 198)
3(246 297 316)
3(198 316 297)
3(246 198 297)
3(198 226 275)
3(3 17 104)
3(105 7 22)
3(219 64 351)
3(219 351 137)
3(351 64 137)
3(219 137 64)
3(188 187 271)
3(188 280 187)
3(188 271 280)
3(192 242 291)
3(192 291 347)
3(155 240 293)
3(334 155 293)
3(206 248 298)
3(191 203 350)
3(238 350 203)
3(191 350 238)
3(194 201 299)
3(194 299 282)
3(194 282 201)
3(205 264 195)
3(223 195 264)
3(194 299 200)
3(194 290 299)
3(299 290 200)
3(194 200 290)
3(288 221 238)
3(294 221 288)
3(294 288 238)
3(294 238 221)
3(236 233 330)
3(236 330 254)
3(247 284 295)
3(325 247 295)
3(261 174 184)
3(343 261 184)
3(154 248 263)
3(347 300 243)
3(268 243 300)
3(339 252 129)
3(129 252 51)
3(293 348 155)
3(293 155 351)
3(264 205 301)
3(274 301 205)
3(182 271 188)
3(19 105 177)
3(180 105 19)
3(347 300 192)
3(243 192 300)
3(289 191 228)
3(288 228 191)
3(155 293 200)
3(293 348 200)
3(205 301 195)
3(301 264 195)
3(107 105 177)
3(19 105 107)
3(257 241 157)
3(257 210 241)
3(257 157 210)
3(267 190 173)
3(267 173 345)
3(267 345 190)
3(196 284 247)
3(196 206 284)
3(267 1 173)
3(22 340 181)
3(181 340 179)
3(295 307 162)
3(295 162 266)
3(229 311 327)
3(191 203 317)
3(350 317 203)
3(209 165 307)
3(337 165 209)
3(337 209 307)
3(299 201 239)
3(283 188 280)
3(226 261 184)
3(226 290 261)
3(226 184 290)
3(261 290 184)
3(105 106 177)
3(105 104 106)
3(343 184 185)
3(247 266 162)
3(234 307 209)
3(234 165 307)
3(289 221 228)
3(162 209 307)
3(295 209 162)
3(295 307 209)
3(222 325 315)
3(350 238 259)
3(350 294 238)
3(274 205 199)
3(127 257 48)
3(48 257 210)
3(239 158 269)
3(239 269 313)
3(159 259 238)
3(270 182 228)
3(190 345 327)
3(269 239 219)
3(288 191 238)
3(331 193 287)
3(163 328 273)
3(319 328 163)
3(241 157 306)
3(241 306 257)
3(257 306 157)
3(5 19 224)
3(319 232 304)
3(159 350 203)
3(238 350 159)
3(299 239 269)
3(160 305 168)
3(160 167 305)
3(167 168 305)
3(283 346 241)
3(207 241 346)
3(207 346 283)
3(181 3 340)
3(342 164 142)
3(342 142 281)
3(342 281 164)
3(257 322 235)
3(7 19 180)
3(7 105 19)
3(212 203 329)
3(237 329 203)
3(233 321 236)
3(321 330 236)
3(233 330 321)
3(324 285 169)
3(333 337 230)
3(333 230 287)
3(279 5 185)
3(288 191 271)
3(317 271 191)
3(336 216 296)
3(340 181 197)
3(197 181 278)
3(340 197 278)
3(340 278 181)
3(283 300 207)
3(272 353 245)
3(353 296 245)
3(218 334 63)
3(218 135 334)
3(135 63 334)
3(218 63 135)
3(283 188 271)
3(191 288 270)
3(191 270 228)
3(186 277 183)
3(194 299 239)
3(200 239 299)
3(250 142 342)
3(250 164 142)
3(250 342 164)
3(329 159 308)
3(329 259 159)
3(282 195 202)
3(282 202 301)
3(301 202 195)
3(282 301 195)
3(63 155 334)
3(329 203 159)
3(329 159 350)
3(329 350 203)
3(279 194 290)
3(279 299 194)
3(246 328 297)
3(246 273 328)
3(196 284 295)
3(247 196 295)
3(330 272 254)
3(296 301 245)
3(296 245 205)
3(301 205 245)
3(296 205 301)
3(203 309 237)
3(203 204 309)
3(237 309 204)
3(348 269 219)
3(351 219 269)
3(246 170 316)
3(328 246 316)
3(328 170 246)
3(230 333 208)
3(208 333 337)
3(230 208 337)
3(330 254 353)
3(302 353 254)
3(330 302 254)
3(190 327 267)
3(329 159 212)
3(244 296 205)
3(296 274 205)
3(244 205 274)
3(244 274 296)
3(348 200 299)
3(348 290 200)
3(191 317 188)
3(191 188 271)
3(317 271 188)
3(309 308 237)
3(281 309 237)
3(183 3 181)
3(300 291 192)
3(228 181 340)
3(141 334 63)
3(141 155 334)
3(141 63 155)
3(340 228 197)
3(338 307 165)
3(338 165 320)
3(19 107 5)
3(294 221 289)
3(64 351 155)
3(290 184 194)
3(290 279 184)
3(279 194 184)
3(312 231 311)
3(306 243 300)
3(202 353 254)
3(202 254 302)
3(202 302 353)
3(218 135 352)
3(334 218 352)
3(334 352 135)
3(321 314 252)
3(339 321 252)
3(291 199 192)
3(279 343 185)
3(336 296 244)
3(296 292 244)
3(279 195 282)
3(264 282 195)
3(301 353 245)
3(301 245 202)
3(353 202 245)
3(301 202 353)
3(244 216 296)
3(253 235 257)
3(253 257 322)
3(253 322 235)
3(331 327 229)
3(350 238 288)
3(165 251 307)
3(338 307 251)
3(338 251 165)
3(286 171 285)
3(202 282 201)
3(195 201 282)
3(336 45 130)
3(278 197 289)
3(24 304 116)
3(257 253 210)
3(292 199 274)
3(292 244 199)
3(274 199 244)
3(292 274 244)
3(184 200 290)
3(171 169 285)
3(239 348 269)
3(239 219 348)
3(241 323 283)
3(283 323 204)
3(241 204 323)
3(348 299 239)
3(244 296 245)
3(208 255 337)
3(142 143 250)
3(143 95 250)
3(142 250 95)
3(132 133 252)
3(68 132 252)
3(68 252 133)
3(112 338 113)
3(41 113 338)
3(112 41 338)
3(122 342 123)
3(122 50 342)
3(123 342 50)
3(142 86 250)
3(143 250 86)
3(112 338 32)
3(113 32 338)
3(1 106 17)
3(62 135 352)
3(62 218 135)
3(202 282 302)
3(302 282 201)
3(202 302 201)
3(141 135 334)
3(141 334 72)
3(135 72 334)
3(198 218 297)
3(250 322 235)
3(235 322 164)
3(250 164 322)
3(234 251 307)
3(289 197 340)
3(289 228 197)
3(289 340 228)
3(279 343 184)
3(185 279 184)
3(257 309 253)
3(309 322 253)
3(195 279 194)
3(185 194 279)
3(241 157 346)
3(241 346 306)
3(306 346 157)
3(33 116 167)
3(168 246 328)
3(159 259 350)
3(249 139 119)
3(119 139 341)
3(329 237 309)
3(348 200 239)
3(233 321 166)
3(236 166 321)
3(301 302 202)
3(202 301 205)
3(233 321 252)
3(166 252 321)
3(282 279 194)
3(195 282 194)
3(342 95 250)
3(143 342 250)
3(143 95 342)
3(142 342 95)
3(41 251 338)
3(251 113 338)
3(41 113 251)
3(251 112 41)
3(251 338 112)
3(242 292 244)
3(247 162 295)
3(247 295 209)
3(346 243 157)
3(346 241 243)
3(309 329 203)
3(188 204 283)
3(317 283 204)
3(188 283 317)
3(188 317 204)
3(300 243 207)
3(135 352 71)
3(232 136 60)
3(269 351 137)
3(42 126 314)
3(234 78 146)
3(234 146 251)
3(233 321 314)
3(247 295 266)
3(346 257 241)
3(290 343 184)
3(236 330 302)
3(236 302 254)
3(243 306 346)
3(203 317 309)
3(203 204 317)
3(309 317 204)
3(317 188 203)
3(3 183 277)
3(209 337 208)
3(165 208 337)
3(302 321 236)
3(321 256 236)
3(339 77 252)
3(132 252 77)
3(132 77 339)
3(132 339 252)
3(73 351 64)
3(73 137 351)
3(64 141 351)
3(73 351 141)
3(122 250 342)
3(122 322 250)
3(122 342 322)
3(322 342 250)
3(123 59 342)
3(122 342 59)
3(163 246 328)
3(168 163 328)
3(141 351 155)
3(141 155 64)
3(241 257 253)
3(323 346 241)
3(105 106 107)
3(250 59 342)
3(250 342 123)
3(250 123 59)
3(122 250 59)
3(346 207 243)
3(233 126 51)
3(133 77 252)
3(133 252 339)
3(133 339 77)
3(136 319 69)
3(122 235 250)
3(45 130 332)
3(305 168 328)
3(323 204 317)
3(300 346 243)
3(236 302 202)
3(317 329 203)
3(155 334 351)
3(141 351 334)
3(257 323 253)
3(323 309 253)
3(9 249 139)
3(119 249 9)
3(119 9 139)
3(119 8 341)
3(139 8 119)
3(139 341 8)
3(146 87 307)
3(146 307 338)
3(253 309 204)
3(237 309 253)
3(300 346 207)
3(320 32 112)
3(320 112 338)
3(68 132 166)
3(166 132 252)
3(86 164 142)
3(257 323 241)
3(253 241 323)
3(281 95 142)
3(321 132 77)
3(321 339 132)
3(165 112 41)
3(165 251 112)
3(133 252 129)
3(133 129 339)
3(149 113 338)
3(251 113 149)
3(323 309 204)
3(253 323 204)
3(251 149 11)
3(122 235 59)
3(217 55 128)
3(322 122 50)
3(339 129 12)
3(37 121 152)
3(73 137 269)
3(10 149 338)
3(252 13 129)
3(113 338 10)
3(113 10 149)
3(11 251 113)
3(149 11 113)
3(133 252 13)
3(133 13 129)
3(306 48 131)
3(12 133 129)
3(12 339 133)
3(123 143 342)
3(123 250 143)
3(351 72 141)
3(135 72 352)
3(308 147 94)
3(342 143 14)
3(14 123 342)
3(250 15 143)
3(154 82 151)
3(15 250 123)
3(143 14 123)
3(123 15 143)
3(277 183 181)
3(311 310 214)
3(214 310 260)
3(311 214 260)
3(310 37 121)
3(310 152 37)
3(37 260 310)
3(37 310 214)
3(268 55 153)
3(268 332 55)
3(55 217 268)
3(55 268 128)
3(312 311 214)
3(208 337 320)
3(166 236 256)
3(212 94 147)
3(212 164 94)
3(94 308 212)
3(94 212 281)
3(258 305 167)
3(167 305 304)
3(324 285 225)
3(225 285 169)
3(285 225 286)
3(171 225 285)
3(258 324 213)
3(152 225 303)
3(131 48 157)
3(157 48 210)
3(48 157 306)
3(257 157 48)
3(263 82 220)
3(263 335 82)
3(82 154 263)
3(82 263 151)
3(232 305 167)
3(168 305 232)
3(304 232 305)
3(232 305 319)
3(154 248 315)
3(164 237 322)
3(322 237 235)
3(237 322 281)
3(164 281 322)
3(309 237 322)
3(307 146 251)
3(165 112 338)
3(252 132 321)
3(342 322 164)
3(163 328 232)
3(232 328 168)
3(328 232 319)
3(305 232 328)
3(322 253 237)
3(108 96 2)
3(108 16 96)
3(111 4 100)
3(111 100 21)
3(4 111 99)
3(18 99 111)
3(2 103 108)
3(23 108 103)
3(97 110 0)
3(97 16 110)
3(0 110 101)
3(21 101 110)
3(104 96 17)
3(104 3 96)
3(22 103 104)
3(3 104 103)
3(1 106 97)
3(17 97 106)
3(100 107 20)
3(100 5 107)
3(99 19 107)
3(99 107 5)
3(98 109 6)
3(98 18 109)
3(6 109 102)
3(23 102 109)
3(1 101 106)
3(20 106 101)
3(98 7 105)
3(98 105 19)
3(102 105 7)
3(102 22 105)
3(102 98 109)
3(102 6 98)
3(98 102 105)
3(7 102 98)
3(97 110 101)
3(97 101 0)
3(101 106 97)
3(101 97 1)
3(109 105 98)
3(109 102 105)
3(97 110 106)
3(101 106 110)
3(111 99 107)
3(111 107 100)
3(111 100 99)
3(99 100 107)
3(104 108 96)
3(104 103 108)
3(108 103 96)
3(104 96 103)
3(108 17 104)
3(108 96 17)
3(111 19 107)
3(111 99 19)
3(108 104 22)
3(108 22 103)
3(20 111 107)
3(100 111 20)
3(103 96 2)
3(4 100 99)
3(104 108 110)
3(17 110 108)
3(17 104 110)
3(110 111 107)
3(20 111 110)
3(20 110 107)
3(107 111 105)
3(111 19 105)
3(108 104 109)
3(108 109 22)
3(104 22 109)
3(104 109 110)
3(110 105 107)
3(110 111 105)
3(103 3 96)
3(100 5 99)
3(108 17 16)
3(16 17 110)
3(21 20 111)
3(110 20 21)
3(17 106 110)
3(104 110 106)
3(110 106 20)
3(110 107 106)
3(19 18 109)
3(19 109 98)
3(23 22 109)
3(102 109 22)
3(19 111 18)
3(108 22 23)
3(110 97 17)
3(101 110 20)
3(19 111 109)
3(106 110 105)
3(110 105 104)
3(109 105 19)
3(22 105 109)
3(109 105 111)
3(109 104 105)
3(109 110 105)
3(108 2 16)
3(111 21 4)
3(18 111 4)
3(2 108 23)
3(16 0 110)
3(0 21 110)
3(18 6 109)
3(6 23 109)
3(108 110 109)
3(108 16 110)
3(110 21 111)
3(109 111 18)
3(108 109 23)
3(111 109 110)
3(161 216 53)
3(167 34 160)
3(213 36 152)
3(38 156 214)
3(61 232 163)
3(234 79 162)
3(227 175 173)
3(178 227 183)
3(214 215 152)
3(58 210 235)
3(56 217 157)
3(193 196 186)
3(152 215 225)
3(173 172 171)
3(178 179 177)
3(160 35 213)
3(85 164 212)
3(166 67 211)
3(213 225 169)
3(187 192 189)
3(190 225 215)
3(210 57 157)
3(173 174 172)
3(172 174 226)
3(197 248 221)
3(231 214 156)
3(40 165 208)
3(211 201 236)
3(39 208 156)
3(174 175 176)
3(161 52 233)
3(164 237 212)
3(229 215 231)
3(199 223 189)
3(176 177 224)
3(217 242 243)
3(231 215 214)
3(230 193 231)
3(206 197 186)
3(240 226 200)
3(224 180 189)
3(217 153 242)
3(159 84 212)
3(192 187 207)
3(178 181 179)
3(193 183 229)
3(230 209 196)
3(157 217 243)
3(171 225 190)
3(161 233 254)
3(175 178 177)
3(245 161 254)
3(158 65 219)
3(192 243 242)
3(176 175 177)
3(176 184 174)
3(66 158 211)
3(153 54 216)
3(171 172 170)
3(239 201 158)
3(223 185 224)
3(222 162 80)
3(83 159 220)
3(190 229 227)
3(153 216 244)
3(168 169 170)
3(201 211 158)
3(154 222 81)
3(241 207 204)
3(246 218 163)
3(179 180 177)
3(177 180 224)
3(161 245 216)
3(180 182 187)
3(224 189 223)
3(173 190 227)
3(213 169 160)
3(187 189 180)
3(187 188 207)
3(248 154 221)
3(220 221 154)
3(249 167 232)
3(229 190 215)
3(198 170 172)
3(62 163 218)
3(200 219 155)
3(240 155 218)
3(198 172 226)
3(206 222 248)
3(191 238 203)
3(223 205 195)
3(236 254 233)
3(182 188 187)
3(175 227 178)
3(176 224 185)
3(241 210 157)
3(196 247 206)
3(231 156 230)
3(227 229 183)
3(176 185 184)
3(247 162 222)
3(234 209 165)
3(221 191 228)
3(199 205 223)
3(220 159 238)
3(228 182 179)
3(158 219 239)
3(221 238 191)
3(162 209 234)
3(238 159 203)
3(160 168 167)
3(174 173 175)
3(212 237 203)
3(169 168 160)
3(186 183 193)
3(200 194 239)
3(218 155 63)
3(203 237 204)
3(239 194 201)
3(226 174 184)
3(182 180 179)
3(178 183 181)
3(230 156 208)
3(228 179 181)
3(173 171 190)
3(181 197 228)
3(64 155 219)
3(231 193 229)
3(192 199 189)
3(246 170 198)
3(223 195 185)
3(222 206 247)
3(195 202 201)
3(186 197 181)
3(192 242 199)
3(253 235 210)
3(184 194 200)
3(170 169 171)
3(205 244 245)
3(248 197 206)
3(240 218 198)
3(250 235 164)
3(234 165 251)
3(185 195 194)
3(33 167 249)
3(168 170 246)
3(155 240 200)
3(236 233 166)
3(202 205 245)
3(166 233 252)
3(159 212 203)
3(199 242 244)
3(247 209 162)
3(205 202 195)
3(243 241 157)
3(243 192 207)
3(200 239 219)
3(206 186 196)
3(232 60 249)
3(228 191 182)
3(234 251 78)
3(194 195 201)
3(202 245 254)
3(199 244 205)
3(207 188 204)
3(191 203 188)
3(226 184 200)
3(209 208 165)
3(245 244 216)
3(191 188 182)
3(168 246 163)
3(241 253 210)
3(208 209 230)
3(198 226 240)
3(185 194 184)
3(243 207 241)
3(252 233 51)
3(216 54 53)
3(198 218 246)
3(221 228 197)
3(236 202 254)
3(242 153 244)
3(233 52 51)
3(196 209 247)
3(167 33 34)
3(221 220 238)
3(188 203 204)
3(237 253 204)
3(201 202 236)
3(196 193 230)
3(60 232 61)
3(78 79 234)
3(68 166 252)
3(86 250 164)
3(34 35 160)
3(80 162 79)
3(61 163 62)
3(165 41 251)
3(161 53 52)
3(9 249 60)
3(33 249 9)
3(251 11 78)
3(250 59 235)
3(157 57 56)
3(55 54 153)
3(217 56 55)
3(241 204 253)
3(214 37 38)
3(36 37 152)
3(35 36 213)
3(39 156 38)
3(218 63 62)
3(80 81 222)
3(58 235 59)
3(252 51 13)
3(219 65 64)
3(165 40 41)
3(67 166 68)
3(84 159 83)
3(164 85 86)
3(66 65 158)
3(82 83 220)
3(84 85 212)
3(66 211 67)
3(40 208 39)
3(63 155 64)
3(57 210 58)
3(11 251 41)
3(68 252 13)
3(250 86 15)
3(154 81 82)
3(15 59 250)
3(181 183 186)
3(37 214 152)
3(55 153 217)
3(166 211 236)
3(171 169 225)
3(225 213 152)
3(82 220 154)
3(168 232 167)
3(248 222 154)
3(164 235 237)
3(163 232 168)
3(253 237 235)
3(26 35 115)
3(34 25 115)
3(34 116 25)
3(304 258 25)
3(80 144 89)
3(61 70 136)
3(61 134 70)
3(121 36 114)
3(146 88 79)
3(144 79 88)
3(35 26 114)
3(121 118 37)
3(118 120 38)
3(120 118 29)
3(44 53 125)
3(53 44 124)
3(118 121 28)
3(132 138 67)
3(94 142 147)
3(147 142 85)
3(29 260 318)
3(124 43 52)
3(126 52 43)
3(145 90 151)
3(127 122 49)
3(121 114 27)
3(303 26 258)
3(122 127 58)
3(314 43 272)
3(1 17 345)
3(117 112 40)
3(117 31 112)
3(260 28 310)
3(138 132 76)
3(117 39 30)
3(120 30 39)
3(131 128 56)
3(128 131 47)
3(57 48 131)
3(48 57 127)
3(255 320 31)
3(263 90 315)
3(17 3 276)
3(255 30 318)
3(151 81 145)
3(266 315 89)
3(310 27 303)
3(263 349 294)
3(93 84 150)
3(84 93 147)
3(272 44 336)
3(145 80 89)
3(66 75 140)
3(75 66 138)
3(278 277 3)
3(261 265 275)
3(148 150 83)
3(92 150 148)
3(91 148 82)
3(91 82 151)
3(260 312 318)
3(324 286 303)
3(137 65 140)
3(354 324 305)
3(137 140 74)
3(55 128 130)
3(46 130 128)
3(297 334 293)
3(311 310 286)
3(261 343 20)
3(265 285 316)
3(280 271 7)
3(344 19 262)
3(292 268 347)
3(284 287 277)
3(54 45 125)
3(349 298 289)
3(292 347 291)
3(291 280 344)
3(298 263 315)
3(93 259 308)
3(306 268 47)
3(116 33 24)
3(119 24 33)
3(316 275 265)
3(314 272 330)
3(335 259 92)
3(313 75 256)
3(270 340 22)
3(299 313 326)
3(302 326 256)
3(286 327 311)
3(318 333 255)
3(270 22 7)
3(265 261 1)
3(320 337 307)
3(70 273 319)
3(354 328 316)
3(263 335 91)
3(310 303 286)
3(71 134 62)
3(76 321 256)
3(284 278 298)
3(258 305 324)
3(273 352 297)
3(349 263 298)
3(268 332 46)
3(275 293 290)
3(78 87 146)
3(87 78 149)
3(331 276 277)
3(318 312 333)
3(345 276 327)
3(7 344 280)
3(256 326 313)
3(287 295 337)
3(69 60 136)
3(69 139 60)
3(20 1 261)
3(262 5 264)
3(42 51 126)
3(42 129 51)
3(288 317 350)
3(289 270 288)
3(282 299 326)
3(343 5 20)
3(265 267 285)
3(263 294 335)
3(268 292 332)
3(307 266 88)
3(291 262 274)
3(74 313 269)
3(273 71 352)
3(325 295 284)
3(268 300 347)
3(293 351 348)
3(264 301 274)
3(267 265 1)
3(295 266 307)
3(298 315 325)
3(350 259 294)
3(325 315 266)
3(331 287 312)
3(319 273 328)
3(5 262 19)
3(319 304 341)
3(299 269 313)
3(3 22 340)
3(257 49 322)
3(324 354 285)
3(333 287 337)
3(264 5 279)
3(288 271 317)
3(336 296 272)
3(280 300 283)
3(293 275 297)
3(272 296 353)
3(283 271 280)
3(329 308 259)
3(288 270 271)
3(279 290 299)
3(328 273 297)
3(351 269 348)
3(264 274 262)
3(330 353 302)
3(286 267 327)
3(348 299 290)
3(281 308 309)
3(353 330 272)
3(275 290 261)
3(300 280 291)
3(338 320 307)
3(294 259 335)
3(294 289 288)
3(312 311 331)
3(306 300 268)
3(339 314 321)
3(279 5 343)
3(336 292 296)
3(316 328 297)
3(279 282 264)
3(301 353 296)
3(332 292 336)
3(285 354 316)
3(331 311 327)
3(267 286 285)
3(45 54 130)
3(298 278 289)
3(24 341 304)
3(291 274 292)
3(348 269 299)
3(267 1 345)
3(255 333 337)
3(142 95 143)
3(68 133 132)
3(112 113 41)
3(122 123 50)
3(142 143 86)
3(112 32 113)
3(141 72 135)
3(257 322 309)
3(19 344 7)
3(329 309 308)
3(325 284 298)
3(316 297 275)
3(278 340 289)
3(282 302 301)
3(291 347 300)
3(329 259 350)
3(288 350 294)
3(296 274 301)
3(135 71 62)
3(270 7 271)
3(42 314 339)
3(282 279 299)
3(325 266 295)
3(312 287 333)
3(346 306 257)
3(279 343 290)
3(340 278 3)
3(274 296 292)
3(276 3 277)
3(294 349 289)
3(302 256 321)
3(73 64 137)
3(64 73 141)
3(123 122 59)
3(141 135 63)
3(276 331 327)
3(284 277 278)
3(301 264 282)
3(262 291 344)
3(287 331 277)
3(343 261 290)
3(323 283 346)
3(287 284 295)
3(53 54 125)
3(341 69 319)
3(326 302 282)
3(321 330 302)
3(45 332 336)
3(133 77 132)
3(354 305 328)
3(290 293 348)
3(323 317 283)
3(306 346 300)
3(321 314 330)
3(317 309 329)
3(25 24 304)
3(116 24 25)
3(26 25 258)
3(26 115 25)
3(266 89 88)
3(144 88 89)
3(295 307 337)
3(52 126 51)
3(257 309 323)
3(267 345 327)
3(70 69 136)
3(70 319 69)
3(276 345 17)
3(34 33 116)
3(71 273 70)
3(71 70 134)
3(301 302 353)
3(283 317 271)
3(87 338 307)
3(334 351 293)
3(352 334 297)
3(320 338 32)
3(60 61 136)
3(78 146 79)
3(340 270 289)
3(44 43 124)
3(44 272 43)
3(34 115 35)
3(80 79 144)
3(87 307 88)
3(146 87 88)
3(281 342 95)
3(61 62 134)
3(283 300 346)
3(321 77 339)
3(53 124 52)
3(323 309 317)
3(9 60 139)
3(24 8 341)
3(24 119 8)
3(33 9 119)
3(78 11 149)
3(346 257 323)
3(31 30 255)
3(117 30 31)
3(57 131 56)
3(55 130 54)
3(56 128 55)
3(322 50 342)
3(38 37 118)
3(42 12 129)
3(339 12 42)
3(36 121 37)
3(73 269 351)
3(114 36 35)
3(8 9 139)
3(119 9 8)
3(39 38 120)
3(63 135 62)
3(80 145 81)
3(87 10 338)
3(87 149 10)
3(58 59 122)
3(43 42 126)
3(43 314 42)
3(45 44 125)
3(45 336 44)
3(129 13 51)
3(29 28 260)
3(118 28 29)
3(8 139 69)
3(341 8 69)
3(95 142 94)
3(95 94 281)
3(90 145 89)
3(315 90 89)
3(350 317 329)
3(64 65 137)
3(41 40 112)
3(67 68 132)
3(150 84 83)
3(142 86 85)
3(66 140 65)
3(76 132 77)
3(76 77 321)
3(48 47 131)
3(306 47 48)
3(75 74 140)
3(313 74 75)
3(28 27 310)
3(121 27 28)
3(148 83 82)
3(27 26 303)
3(114 26 27)
3(151 90 91)
3(263 91 90)
3(84 147 85)
3(138 66 67)
3(46 128 47)
3(46 47 268)
3(73 137 74)
3(73 74 269)
3(93 150 92)
3(93 92 259)
3(40 39 117)
3(30 29 318)
3(30 120 29)
3(63 64 141)
3(57 58 127)
3(32 31 320)
3(32 112 31)
3(50 49 122)
3(322 49 50)
3(76 75 138)
3(76 256 75)
3(351 334 72)
3(72 334 352)
3(93 94 147)
3(308 94 93)
3(10 32 338)
3(10 113 32)
3(11 41 113)
3(68 13 133)
3(95 14 143)
3(342 14 95)
3(14 50 123)
3(14 342 50)
3(143 15 86)
3(81 151 82)
3(73 351 72)
3(73 72 141)
3(13 12 133)
3(13 129 12)
3(15 123 59)
3(10 11 113)
3(149 11 10)
3(49 48 127)
3(49 257 48)
3(72 352 71)
3(72 71 135)
3(12 77 133)
3(339 77 12)
3(92 148 91)
3(92 91 335)
3(46 45 130)
3(332 45 46)
3(15 14 123)
3(143 14 15)
3(311 260 310)
3(312 260 311)
3(337 320 255)
3(281 94 308)
3(258 304 305)
3(324 285 286)
3(258 324 303)
3(257 306 48)
3(304 319 305)
3(309 322 281)
3(342 281 322)
3(305 319 328)
3(16 2 96)
3(4 21 100)
3(18 4 99)
3(2 23 103)
3(97 0 16)
3(0 101 21)
3(3 17 96)
3(22 3 103)
3(17 1 97)
3(100 20 5)
3(99 5 19)
3(98 6 18)
3(6 102 23)
3(1 20 101)
3(98 19 7)
3(102 7 22)
3(19 98 18)
3(102 22 23)
3(17 16 96)
3(19 18 99)
3(23 22 103)
3(21 20 100)
3(17 97 16)
3(101 20 21)
3(1 0 97)
3(101 0 1)
3(2 3 96)
3(103 3 2)
3(5 4 100)
3(99 4 5)
3(6 7 102)
3(6 98 7)
)


// ************************************************************************* //
