/*--------------------------------*- C++ -*----------------------------------*\
| =========                 |                                                 |
| \\      /  F ield         | OpenFOAM: The Open Source CFD Toolbox           |
|  \\    /   O peration     | Version:  2312                                  |
|   \\  /    A nd           | Website:  www.openfoam.com                      |
|    \\/     M anipulation  |                                                 |
\*---------------------------------------------------------------------------*/
FoamFile
{
    version     2.0;
    format      ascii;
    arch        "LSB;label=32;scalar=64";
    note        "nPoints:355  nCells:975  nFaces:2299  nInternalFaces:1601";
    class       labelList;
    location    "constant/polyMesh";
    object      owner;
}
// * * * * * * * * * * * * * * * * * * * * * * * * * * * * * * * * * * * * * //


2299
(
0
0
0
1
1
1
2
2
3
3
4
4
4
5
5
6
6
7
7
7
8
8
8
9
9
10
10
10
10
11
12
12
12
13
13
13
14
14
14
15
15
16
16
17
17
17
18
18
18
19
19
19
20
20
21
21
22
22
22
23
23
23
24
24
25
25
26
26
26
27
27
28
28
28
29
29
30
30
31
32
32
32
33
33
34
34
34
35
36
36
36
37
37
37
38
38
39
39
40
40
40
41
41
42
42
43
43
44
44
45
45
45
46
46
46
47
47
47
48
48
49
49
49
50
50
50
51
51
51
52
52
52
53
53
54
54
54
55
55
55
56
56
57
57
58
58
58
59
59
60
60
61
61
61
62
62
62
63
63
63
64
64
64
65
65
66
67
67
68
68
68
69
69
69
70
70
70
70
71
72
73
73
74
74
74
74
75
75
75
76
76
77
77
77
78
78
79
79
80
80
81
81
82
82
82
83
83
83
84
84
84
85
85
85
85
86
86
86
87
87
88
88
88
88
89
90
90
91
91
92
92
93
93
94
94
95
95
95
96
96
97
97
97
97
98
98
99
99
99
99
100
100
100
101
101
102
102
102
103
103
103
104
104
105
106
106
107
107
108
108
109
109
109
110
110
110
111
111
111
112
112
113
113
114
114
114
114
115
115
115
115
116
116
117
117
118
119
119
119
120
120
120
121
121
121
121
122
122
122
123
123
123
123
124
124
124
125
125
126
126
127
127
128
128
128
129
129
129
130
130
131
132
132
132
133
133
133
135
135
135
136
136
136
137
137
138
138
139
139
140
140
141
141
141
142
142
143
143
143
144
144
144
145
145
145
146
146
146
147
147
147
147
148
149
149
149
150
150
150
150
151
151
151
151
152
153
153
153
154
154
155
155
155
155
156
156
156
156
157
157
158
158
159
159
159
160
161
161
161
162
162
163
163
163
164
164
165
165
165
166
166
166
167
168
168
169
169
169
169
170
170
171
172
172
173
174
174
174
175
176
176
176
177
177
177
178
178
178
178
179
179
179
180
180
180
180
181
181
181
182
182
182
183
184
184
184
185
185
185
185
186
186
186
187
187
188
188
189
189
190
190
191
191
191
192
192
192
193
193
193
194
194
194
194
195
195
195
196
196
197
197
198
198
199
199
199
200
200
200
201
201
201
202
202
202
203
203
204
204
205
205
205
206
206
206
207
207
208
208
208
208
209
209
209
210
210
211
211
211
211
212
212
213
213
213
213
214
215
216
217
217
217
217
218
218
219
219
219
220
220
220
220
221
221
222
222
223
223
223
224
225
225
225
226
226
227
227
227
228
229
229
229
230
230
230
231
231
231
232
232
232
233
233
233
234
234
234
235
236
236
236
236
237
237
237
238
239
239
239
240
240
241
241
241
243
243
244
244
244
245
245
245
246
246
246
248
248
248
248
249
249
250
250
251
252
252
253
253
253
254
254
255
255
255
256
256
256
256
257
257
258
258
258
259
260
260
261
261
261
262
263
263
263
264
264
265
265
266
266
267
267
267
267
268
268
268
268
269
269
269
269
270
270
270
271
271
271
271
272
272
272
272
273
273
274
275
275
276
276
277
277
278
278
278
278
279
279
280
281
281
281
282
282
282
283
284
284
285
285
286
286
287
287
288
289
289
289
290
290
290
290
291
291
291
292
292
292
292
293
293
294
295
295
295
296
296
297
297
298
298
299
300
301
301
302
302
303
304
304
304
304
305
305
306
307
308
308
308
309
309
310
310
311
312
313
313
314
314
315
315
315
316
317
317
318
318
319
319
321
322
322
323
323
323
324
324
325
326
326
326
326
327
327
327
328
328
329
329
330
330
330
330
331
331
332
333
334
334
335
335
335
336
336
337
337
338
340
340
340
341
341
341
342
342
342
342
343
344
344
344
345
345
346
347
347
349
349
351
352
352
353
354
354
355
355
356
356
356
358
358
358
359
359
360
360
361
361
362
362
362
362
364
364
364
366
367
368
368
368
369
369
369
369
370
371
372
372
372
373
373
374
374
374
375
376
376
376
377
377
378
378
379
379
379
380
380
380
381
382
382
382
383
383
383
384
384
385
385
386
387
389
390
390
390
390
391
391
392
392
393
393
394
394
394
395
396
396
396
397
398
398
399
399
400
401
401
401
401
402
402
402
403
403
404
405
405
406
406
407
407
407
407
408
408
409
410
410
410
410
411
412
413
414
414
414
414
415
415
415
416
416
417
417
418
419
419
419
420
420
420
421
421
422
422
422
422
423
423
423
423
424
424
425
425
427
427
428
429
429
430
430
431
431
432
432
433
434
434
435
435
436
436
437
437
438
438
440
440
442
442
442
443
443
443
444
444
445
446
446
447
447
448
449
449
450
450
450
451
452
453
453
453
453
456
456
457
458
459
459
460
461
461
461
462
463
463
464
466
466
467
467
468
469
471
472
473
475
476
476
477
477
477
478
479
480
480
481
482
482
482
483
483
483
484
486
486
486
487
488
488
489
489
490
490
490
492
493
493
494
495
495
496
497
497
497
497
498
500
500
501
501
501
501
502
503
503
504
505
505
506
506
506
507
507
508
508
508
508
509
510
510
510
512
512
514
514
515
515
516
517
517
517
517
518
518
518
520
520
522
522
522
523
523
523
524
524
524
525
526
527
527
527
527
528
528
531
531
531
532
532
534
537
538
539
539
539
541
542
542
544
545
546
547
547
547
549
550
551
551
551
552
552
552
553
553
554
555
556
556
560
560
562
562
562
562
563
566
566
566
568
569
570
570
570
571
572
572
574
575
576
578
579
579
579
579
580
581
583
583
584
584
584
585
586
588
589
589
589
590
590
590
591
591
591
592
592
592
593
593
594
594
595
596
596
597
597
597
599
599
599
600
601
601
601
602
603
603
603
604
604
605
605
606
606
607
607
607
608
609
610
612
612
613
616
617
617
620
621
622
622
624
624
626
626
626
627
628
628
628
629
629
631
632
632
635
635
636
638
638
638
638
639
640
643
644
646
649
649
651
652
654
655
658
658
659
660
660
660
664
665
668
668
669
669
670
670
670
670
671
671
672
672
674
674
674
674
675
675
680
680
681
681
682
689
692
694
694
694
695
696
697
699
699
699
701
704
705
707
710
711
712
714
715
715
723
723
724
724
724
725
725
725
736
736
737
737
742
743
743
746
746
748
750
750
754
757
757
758
758
760
760
761
761
762
762
767
768
773
775
777
778
779
785
789
797
797
798
798
799
799
805
816
816
823
823
825
826
827
831
832
833
834
837
840
841
847
849
849
849
851
851
852
853
855
855
856
857
859
861
863
865
865
866
867
869
869
871
871
872
873
875
877
879
879
880
881
883
883
884
885
887
887
888
889
890
892
892
893
893
894
895
897
899
901
903
903
904
905
907
909
909
910
910
911
911
912
912
913
913
914
914
915
915
916
916
917
917
918
918
919
919
920
920
921
921
922
922
923
923
924
924
925
925
926
926
927
927
928
928
929
929
930
930
931
931
931
931
932
932
932
932
933
933
934
934
935
935
936
936
937
938
939
939
939
940
940
940
941
941
942
942
942
943
944
944
945
946
947
947
948
948
949
949
950
950
951
951
952
952
954
955
957
958
961
963
964
965
966
967
968
969
909
910
911
912
913
914
920
921
943
947
948
961
962
970
8
11
25
35
43
44
55
58
62
67
73
77
80
82
84
89
90
91
92
103
104
108
113
130
140
142
148
157
171
173
175
176
181
182
183
184
188
200
201
205
207
209
215
216
218
219
231
250
262
265
266
270
275
279
288
293
299
300
303
305
307
312
313
314
317
319
320
321
327
328
332
343
346
351
357
360
361
363
364
366
370
373
381
395
398
403
408
411
418
419
421
424
433
439
441
442
444
454
455
457
458
459
460
464
468
469
472
473
474
480
482
485
489
491
504
505
509
518
519
529
530
534
535
538
540
541
546
548
554
557
559
561
572
573
577
578
580
581
586
598
600
601
602
606
608
609
614
617
621
622
625
631
632
633
635
639
641
642
643
648
649
650
656
657
663
664
666
668
677
678
680
682
688
690
691
696
697
698
700
709
712
718
721
722
729
733
735
737
738
740
744
745
746
748
751
752
755
758
759
764
766
767
768
771
772
773
774
776
778
780
782
783
784
786
789
795
796
800
801
802
803
808
811
812
817
819
820
829
830
833
834
837
847
853
856
863
873
878
884
887
891
892
903
908
0
1
2
3
13
14
15
17
19
20
21
22
23
24
29
30
33
36
37
38
39
41
42
47
52
56
60
65
71
72
75
76
78
81
86
87
93
94
95
96
98
101
105
106
107
117
118
120
125
126
131
134
136
137
138
154
161
162
163
164
167
168
174
179
187
189
190
191
196
197
203
204
210
212
214
221
222
224
228
229
235
238
239
240
247
249
251
252
258
260
264
274
277
280
283
291
294
295
301
306
310
311
316
323
324
325
331
334
335
336
338
339
345
348
350
353
358
359
365
367
377
378
379
380
382
388
389
391
392
397
400
404
409
425
429
431
432
445
447
462
463
470
475
476
478
479
481
484
487
492
493
494
495
496
498
499
500
502
507
511
512
514
520
521
524
525
528
532
533
536
537
542
543
545
549
550
553
555
556
558
560
564
565
567
568
571
574
575
576
582
585
587
588
589
590
591
592
593
594
599
605
611
613
615
618
619
620
623
630
634
637
640
645
646
647
652
653
654
655
661
662
665
667
669
671
672
675
676
679
683
684
685
686
687
689
693
698
701
702
703
705
706
707
708
710
711
713
714
716
716
717
717
719
719
720
721
723
726
727
727
728
729
730
730
731
732
736
739
741
743
744
745
747
749
749
751
752
753
753
754
755
756
757
759
763
764
765
765
766
767
769
770
770
771
772
773
775
776
777
777
778
779
780
781
781
782
783
784
785
785
786
787
787
788
788
789
790
790
791
791
792
792
793
793
794
795
796
800
801
802
803
804
804
805
805
806
806
807
807
808
809
809
810
810
811
812
813
813
814
814
815
815
817
818
818
819
820
821
821
822
822
824
824
825
826
827
827
828
828
829
830
831
831
832
832
833
834
835
835
836
836
837
838
838
839
839
842
842
843
843
844
844
845
845
846
846
849
859
862
868
869
872
876
882
889
894
901
906
909
910
911
912
913
914
915
916
917
918
919
920
921
922
923
924
951
952
953
954
955
956
957
958
971
971
972
972
973
973
974
974
)


// ************************************************************************* //
