/*--------------------------------*- C++ -*----------------------------------*\
| =========                 |                                                 |
| \\      /  F ield         | OpenFOAM: The Open Source CFD Toolbox           |
|  \\    /   O peration     | Version:  2312                                  |
|   \\  /    A nd           | Website:  www.openfoam.com                      |
|    \\/     M anipulation  |                                                 |
\*---------------------------------------------------------------------------*/
FoamFile
{
    version     2.0;
    format      ascii;
    arch        "LSB;label=32;scalar=64";
    class       vectorField;
    location    "constant/polyMesh";
    object      points;
}
// * * * * * * * * * * * * * * * * * * * * * * * * * * * * * * * * * * * * * //


355
(
(-0.01 -0.01 0.005)
(-0.01 -0.01 0)
(-0.01 0.01 0.005)
(-0.01 0.01 0)
(0.01 -0.01 0.005)
(0.01 -0.01 0)
(0.01 0.01 0.005)
(0.01 0.01 0)
(-0.05 -0.05 0)
(-0.05 -0.05 -0.01)
(-0.05 0.05 0)
(-0.05 0.05 -0.01)
(0.05 -0.05 0)
(0.05 -0.05 -0.01)
(0.05 0.05 0)
(0.05 0.05 -0.01)
(-0.01 -1.734723476e-18 0.005)
(-0.01 -1.734723476e-18 0)
(0.01 -1.734723476e-18 0.005)
(0.01 -1.734723476e-18 0)
(-1.734723476e-18 -0.01 0)
(-1.734723476e-18 -0.01 0.005)
(-1.734723476e-18 0.01 0)
(-1.734723476e-18 0.01 0.005)
(-0.05 -0.04 0)
(-0.05 -0.03 0)
(-0.05 -0.02 0)
(-0.05 -0.01 0)
(-0.05 6.938893904e-17 0)
(-0.05 0.01 0)
(-0.05 0.02 0)
(-0.05 0.03 0)
(-0.05 0.04 0)
(-0.05 -0.04 -0.01)
(-0.05 -0.03 -0.01)
(-0.05 -0.02 -0.01)
(-0.05 -0.01 -0.01)
(-0.05 6.938893904e-17 -0.01)
(-0.05 0.01 -0.01)
(-0.05 0.02 -0.01)
(-0.05 0.03 -0.01)
(-0.05 0.04 -0.01)
(0.05 -0.04 0)
(0.05 -0.03 0)
(0.05 -0.02 0)
(0.05 -0.01 0)
(0.05 6.938893904e-17 0)
(0.05 0.01 0)
(0.05 0.02 0)
(0.05 0.03 0)
(0.05 0.04 0)
(0.05 -0.04 -0.01)
(0.05 -0.03 -0.01)
(0.05 -0.02 -0.01)
(0.05 -0.01 -0.01)
(0.05 6.938893904e-17 -0.01)
(0.05 0.01 -0.01)
(0.05 0.02 -0.01)
(0.05 0.03 -0.01)
(0.05 0.04 -0.01)
(-0.04 -0.05 -0.01)
(-0.03 -0.05 -0.01)
(-0.02 -0.05 -0.01)
(-0.01 -0.05 -0.01)
(6.938893904e-17 -0.05 -0.01)
(0.01 -0.05 -0.01)
(0.02 -0.05 -0.01)
(0.03 -0.05 -0.01)
(0.04 -0.05 -0.01)
(-0.04 -0.05 0)
(-0.03 -0.05 0)
(-0.02 -0.05 0)
(-0.01 -0.05 0)
(6.938893904e-17 -0.05 0)
(0.01 -0.05 0)
(0.02 -0.05 0)
(0.03 -0.05 0)
(0.04 -0.05 0)
(-0.04 0.05 -0.01)
(-0.03 0.05 -0.01)
(-0.02 0.05 -0.01)
(-0.01 0.05 -0.01)
(6.938893904e-17 0.05 -0.01)
(0.01 0.05 -0.01)
(0.02 0.05 -0.01)
(0.03 0.05 -0.01)
(0.04 0.05 -0.01)
(-0.04 0.05 0)
(-0.03 0.05 0)
(-0.02 0.05 0)
(-0.01 0.05 0)
(6.938893904e-17 0.05 0)
(0.01 0.05 0)
(0.02 0.05 0)
(0.03 0.05 0)
(0.04 0.05 0)
(-0.01 0.005 0.0025)
(-0.01 -0.005 0.0025)
(0.01 0.005 0.0025)
(0.01 -0.005 0.0025)
(0.005 -0.01 0.0025)
(-0.005 -0.01 0.0025)
(0.005 0.01 0.0025)
(-0.005 0.01 0.0025)
(-0.004375 0.004375 0)
(0.0025 0.0025 0)
(-0.002916666667 -0.002916666667 0)
(0.004375 -0.004375 0)
(-0.004375 0.004375 0.005)
(0.0025 0.0025 0.005)
(-0.002916666667 -0.002916666667 0.005)
(0.004375 -0.004375 0.005)
(-0.05 0.035 -0.005)
(-0.05 0.045 -0.005)
(-0.05 -0.015 -0.005)
(-0.05 -0.025 -0.005)
(-0.05 -0.035 -0.005)
(-0.05 0.025 -0.005)
(-0.05 0.005 -0.005)
(-0.05 -0.045 -0.005)
(-0.05 0.015 -0.005)
(-0.05 -0.005 -0.005)
(0.05 0.035 -0.005)
(0.05 0.045 -0.005)
(0.05 -0.025 -0.005)
(0.05 -0.015 -0.005)
(0.05 -0.035 -0.005)
(0.05 0.025 -0.005)
(0.05 0.005 -0.005)
(0.05 -0.045 -0.005)
(0.05 -0.005 -0.005)
(0.05 0.015 -0.005)
(0.035 -0.05 -0.005)
(0.045 -0.05 -0.005)
(-0.025 -0.05 -0.005)
(-0.015 -0.05 -0.005)
(-0.035 -0.05 -0.005)
(0.005 -0.05 -0.005)
(0.025 -0.05 -0.005)
(-0.045 -0.05 -0.005)
(0.015 -0.05 -0.005)
(-0.005 -0.05 -0.005)
(0.035 0.05 -0.005)
(0.045 0.05 -0.005)
(-0.025 0.05 -0.005)
(-0.015 0.05 -0.005)
(-0.035 0.05 -0.005)
(0.025 0.05 -0.005)
(0.005 0.05 -0.005)
(-0.045 0.05 -0.005)
(0.015 0.05 -0.005)
(-0.005 0.05 -0.005)
(-0.04133974596 -0.005 -0.01)
(0.04133974596 -0.005 -0.01)
(-0.004684029063 0.04152217187 -0.01)
(-0.004280984092 -0.04100604952 -0.01)
(-0.04133974596 0.015 -0.01)
(0.04133974596 0.015 -0.01)
(0.015 -0.04133974596 -0.01)
(0.015 0.04133974596 -0.01)
(-0.04133974596 -0.025 -0.01)
(0.04204077431 -0.02459788032 -0.01)
(-0.02586725655 0.04103703875 -0.01)
(-0.02586725655 -0.04103703875 -0.01)
(0.03494067683 0.04170502596 -0.01)
(-0.04153227955 0.03495762631 -0.01)
(0.03494067683 -0.04170502596 -0.01)
(-0.04153227955 -0.03495762631 -0.01)
(-0.03185172275 -0.0315538788 -0.01)
(-0.03254153039 -0.0202589798 -0.01)
(-0.02401923789 -0.025 -0.01)
(-0.0239962443 -0.0150431633 -0.01)
(-0.01535515158 -0.02000719388 -0.01)
(-0.01535451287 -0.01000839286 -0.01)
(-0.006697345937 -0.01500259779 -0.01)
(-0.006697754003 -0.005001831776 -0.01)
(0.001961917507 -0.01000073826 -0.01)
(0.001961752408 -4.28339504e-07 -0.01)
(-0.006698529146 0.004999623314 -0.01)
(0.001961524227 0.01 -0.01)
(0.0106218163 0.00499992861 -0.01)
(-0.006698696367 0.01499993722 -0.01)
(0.0106217846 0.0149999881 -0.01)
(-0.01535894483 0.009999926756 -0.01)
(0.001961820419 -0.02000055601 -0.01)
(0.01062189318 -0.01500021571 -0.01)
(-0.01535897177 0.01999997733 -0.01)
(0.0192820397 0.009999986119 -0.01)
(0.0192820323 0.02 -0.01)
(0.01928203987 -1.421188165e-08 -0.01)
(-0.02401466046 -0.005008592694 -0.01)
(0.01019122891 0.02526708808 -0.01)
(0.02794228634 0.005 -0.01)
(-0.02401922937 0.01499998401 -0.01)
(0.01051821707 -0.0248206367 -0.01)
(0.01926479126 -0.01997014207 -0.01)
(-0.02385176621 0.02470993005 -0.01)
(-0.00684480277 0.02506305766 -0.01)
(-0.01528916275 -0.02966056066 -0.01)
(0.02794228634 -0.005 -0.01)
(0.001264699258 -0.03134954883 -0.01)
(0.0196750421 -0.03145694726 -0.01)
(0.02785181221 -0.02489735569 -0.01)
(0.01963079251 0.03152499145 -0.01)
(0.02785017175 0.02490330212 -0.01)
(0.02794228634 -0.015 -0.01)
(-0.01536235726 0.02969106288 -0.01)
(0.02794228634 0.015 -0.01)
(-0.04137183489 0.02499293772 -0.01)
(-0.03183238235 0.03151143134 -0.01)
(0.04204077431 0.02459788032 -0.01)
(0.02493595315 -0.04138450515 -0.01)
(0.02492857822 0.04139584585 -0.01)
(-0.04131675237 -0.0150431633 -0.01)
(-0.04133974596 0.005 -0.01)
(-0.03267872902 -1.432115663e-06 -0.01)
(0.04133974596 -0.015 -0.01)
(0.04133974596 0.005 -0.01)
(-0.01515703723 -0.03976001044 -0.01)
(0.005236156567 -0.04128973608 -0.01)
(0.005052661823 0.0415774097 -0.01)
(0.00077269477 0.03190095924 -0.01)
(-0.01529032081 0.03989770569 -0.01)
(0.01927917921 -0.009995061999 -0.01)
(0.01062143308 -0.004999421652 -0.01)
(-0.03264794375 -0.01005922187 -0.01)
(-0.006698729811 -0.025 -0.01)
(-0.01535853855 -8.35904488e-07 -0.01)
(0.001667288895 0.02037183838 -0.01)
(-0.02401826569 0.004998175009 -0.01)
(-0.03251574179 0.02020238052 -0.01)
(-0.03265190963 0.01003318457 -0.01)
(-0.03508974241 -0.04168129976 -0.01)
(0.0406145656 -0.03440933899 -0.01)
(-0.03508743998 0.04167624649 -0.01)
(0.0406145656 0.03440933899 -0.01)
(0.03 -0.0338053117 -0.01)
(0.03 0.0338053117 -0.01)
(0.01009248257 0.03420804162 -0.01)
(0.01 -0.03392304845 -0.01)
(-0.008032242923 -0.03335523389 -0.01)
(0.03464101615 0.02 -0.01)
(0.03464101615 5.551115123e-17 -0.01)
(0.03464101615 0.01 -0.01)
(0.03464101615 -0.01 -0.01)
(0.03464101615 -0.02 -0.01)
(-0.02286408872 -0.0332967594 -0.01)
(-0.02244081664 0.03336943374 -0.01)
(-0.00819478083 0.03369289639 -0.01)
(-0.04267949192 -0.04267949192 -0.01)
(0.04267949192 0.04267949192 -0.01)
(-0.04267949192 0.04267949192 -0.01)
(0.04267949192 -0.04267949192 -0.01)
(0.03502930556 0.02754316663 -0.01)
(0.03502963366 -0.02754197734 -0.01)
(-0.04133974596 0.025 0)
(0.02436940213 -0.04111751495 0)
(0.04133974596 0.025 0)
(-0.04153982294 -0.025 0)
(0.01389687079 0.04154764998 0)
(-0.04133974596 0.005 0)
(-0.005386751346 -0.01843696304 0)
(0.01843696304 -0.005386751346 0)
(-0.005 0.04133974596 0)
(0.01862303887 -0.01506445856 0)
(-0.01506445856 -0.01862303887 0)
(-0.02445113231 0.04107032801 0)
(-0.02038746264 -0.01055404097 0)
(0.04133974596 0.005 0)
(0.006051049378 -0.04136572664 0)
(0.005386751346 0.01843696304 0)
(0.01506445856 0.01862303887 0)
(0.04154764998 -0.02389687079 0)
(-0.025 -0.04133974596 0)
(0.02727709038 -0.01007520165 0)
(-0.01007520165 -0.02727709038 0)
(-0.01761646873 0.004826507853 0)
(-0.01806257865 0.01497108464 0)
(-0.009900387436 0.02076868347 0)
(0.009993797472 -0.02078424578 0)
(0.02078424578 0.009993797472 0)
(0.03495762631 0.04153227955 0)
(0.01877402304 -0.02493186342 0)
(0.02535031415 0.01773115088 0)
(-0.01866504467 0.02491370738 0)
(-0.02456213998 -0.01867439757 0)
(-0.03131264861 -0.01036138696 0)
(-0.02734598348 0.01999355104 0)
(0.00962155091 0.02701517501 0)
(-0.0008794241325 0.02620935248 0)
(0.0008279611749 -0.02624899215 0)
(0.02624899215 0.0008279611749 0)
(0.03598076211 -0.005 0)
(-0.005490157368 -0.03474336795 0)
(0.004732704177 0.03572429325 0)
(-0.02667490726 0.03183359937 0)
(0.03551585741 -0.01553147687 0)
(-0.01623487806 -0.03557170165 0)
(-0.01034507626 0.03175101244 0)
(0.01036913354 -0.03126085977 0)
(0.03184402791 0.009806750887 0)
(0.02698663127 -0.01964684934 0)
(0.02732050808 -0.03 0)
(-0.04133974596 -0.015 0)
(-0.04154443194 -0.03495762631 0)
(-0.03397013523 -0.03007907461 0)
(0.04140421592 0.01438611762 0)
(-0.03468144289 0.04065874044 0)
(0.02480908285 0.04183019673 0)
(0.03026451102 0.03271060004 0)
(-0.04111193874 -0.00506023116 0)
(-0.03270367772 0.001046185282 0)
(-0.03378819219 0.01183995605 0)
(0.0150293118 -0.04124776292 0)
(0.04232641996 -0.03469987172 0)
(-0.01486374906 0.04131726043 0)
(-0.01971394366 -0.02650669704 0)
(0.02035935387 0.02720440334 0)
(-0.04194824051 0.01530665934 0)
(-0.03420182399 -0.04070522244 0)
(-0.04231694635 0.03471333667 0)
(0.03455965443 -0.03978526837 0)
(0.0415402292 0.03532039525 0)
(0.03235140488 0.023939606 0)
(-0.03345553365 -0.02055923823 0)
(-0.01899998191 0.03417718153 0)
(0.0192335643 -0.03372042191 0)
(-0.0242927162 -0.001869698326 0)
(-0.02601848029 -0.03329753061 0)
(0.02016407287 0.03538434315 0)
(0.03603270046 -0.03013202129 0)
(-0.02539016613 0.008905665065 0)
(0.04424050421 -0.005 0)
(-0.0359246319 0.02041639082 0)
(-0.01 -0.04209874914 0)
(0.005 0.04388201298 0)
(0.04288079562 -0.01323805794 0)
(-0.03485310137 0.02910427485 0)
(-0.04267949192 0.04267949192 0)
(0.04337721488 -0.04289702802 0)
(-0.002679491924 0.01732050808 0)
(-0.04267949192 -0.04267949192 0)
(0.04267949192 0.04267949192 0)
(0.002679491924 -0.01732050808 0)
(0.01732050808 0.002679491924 0)
(-0.01726031731 -0.002739682691 0)
(0.03390177567 0.01650995486 0)
(0.03385338203 0.002658678016 0)
(0.003144883913 -0.03429808758 0)
(-0.002872949054 0.03375610103 0)
(0.01375491052 0.03337517294 0)
(-0.002501365179 -0.04248934213 0)
(-0.01666838385 -0.04354752474 0)
(0.03374598384 -0.02339477277 0)
(-0.02738577634 -0.02575463171 0)
)


// ************************************************************************* //
