
                        S T E P       1


                                INCREMENT     1


 temperatures for set N_ALL and time  0.2000000E+01

         1  2.940377E+02
         2  3.361703E+02
         3  2.934159E+02
         4  3.184949E+02
         5  2.940836E+02
         6  2.941279E+02
         7  2.935701E+02
         8  2.936426E+02
         9  2.937783E+02
        10  2.938781E+02
        11  2.958636E+02
        12  3.054433E+02
        13  3.404484E+02
        14  3.366942E+02
        15  3.322408E+02
        16  3.327409E+02
        17  3.334210E+02
        18  3.384903E+02
        19  2.934112E+02
        20  2.933287E+02
        21  2.937652E+02
        22  2.935038E+02
        23  2.938485E+02
        24  2.937605E+02
        25  2.936980E+02
        26  2.937339E+02
        27  2.936122E+02
        28  2.936545E+02
        29  2.938394E+02
        30  2.938228E+02
        31  2.937556E+02
        32  2.941856E+02
        33  2.962384E+02
        34  3.338045E+02
        35  3.127528E+02
        36  3.385941E+02
        37  3.157297E+02
        38  3.362008E+02
        39  3.043548E+02
        40  3.377994E+02
        41  3.061990E+02
        42  3.359183E+02
        43  3.046837E+02
        44  3.371297E+02
        45  3.151123E+02
        46  3.367941E+02
        47  3.002584E+02
        48  3.002599E+02
        49  3.038484E+02
        50  3.062926E+02
        51  2.959590E+02
        52  3.085508E+02
        53  3.075734E+02
        54  2.953669E+02
        55  2.959086E+02
        56  2.946676E+02
        57  3.119984E+02
        58  2.952249E+02
        59  3.182983E+02
        60  3.175374E+02
        61  2.947932E+02
        62  2.945035E+02
        63  2.977368E+02
        64  2.931090E+02
        65  3.016394E+02
        66  2.949614E+02
        67  2.989607E+02
        68  2.948705E+02
        69  3.015340E+02
        70  2.951623E+02
        71  2.990902E+02
        72  2.995478E+02
        73  2.990412E+02
        74  2.942535E+02
        75  2.973590E+02
        76  2.951035E+02
        77  3.074670E+02
        78  2.945068E+02
        79  3.045484E+02
        80  2.942799E+02
        81  3.071159E+02
        82  2.942848E+02
        83  2.942426E+02
        84  2.949454E+02
        85  3.069033E+02
        86  2.947109E+02
        87  2.944120E+02
        88  3.213822E+02
        89  2.932911E+02
        90  3.201591E+02
        91  2.941430E+02
        92  3.022936E+02
        93  2.989245E+02
        94  2.938417E+02
        95  2.935987E+02
        96  2.934442E+02
        97  2.936578E+02
        98  2.936134E+02
        99  2.939631E+02
       100  2.937647E+02
       101  3.730000E+02
       102  3.730000E+02
       103  3.730000E+02
       104  3.730000E+02
       105  3.730000E+02
       106  3.730000E+02
       107  3.730000E+02

                                INCREMENT     2


 temperatures for set N_ALL and time  0.4000000E+01

         1  2.963453E+02
         2  3.465354E+02
         3  2.955986E+02
         4  3.315640E+02
         5  2.962655E+02
         6  2.962849E+02
         7  2.954433E+02
         8  2.955725E+02
         9  2.959673E+02
        10  2.960364E+02
        11  2.999904E+02
        12  3.160369E+02
        13  3.499267E+02
        14  3.470494E+02
        15  3.430008E+02
        16  3.430578E+02
        17  3.439644E+02
        18  3.481184E+02
        19  2.956017E+02
        20  2.953930E+02
        21  2.961608E+02
        22  2.957933E+02
        23  2.962208E+02
        24  2.961282E+02
        25  2.959056E+02
        26  2.960134E+02
        27  2.956661E+02
        28  2.958518E+02
        29  2.962524E+02
        30  2.963182E+02
        31  2.961372E+02
        32  2.982907E+02
        33  3.073357E+02
        34  3.430641E+02
        35  3.269354E+02
        36  3.468541E+02
        37  3.282747E+02
        38  3.446791E+02
        39  3.186218E+02
        40  3.453281E+02
        41  3.198289E+02
        42  3.438714E+02
        43  3.190233E+02
        44  3.451936E+02
        45  3.284955E+02
        46  3.456219E+02
        47  3.073023E+02
        48  3.073293E+02
        49  3.132304E+02
        50  3.154349E+02
        51  3.007322E+02
        52  3.175275E+02
        53  3.169302E+02
        54  2.992602E+02
        55  3.000483E+02
        56  2.982488E+02
        57  3.220770E+02
        58  2.990697E+02
        59  3.287859E+02
        60  3.279740E+02
        61  2.974550E+02
        62  2.975016E+02
        63  3.044390E+02
        64  3.006332E+02
        65  3.109482E+02
        66  2.996267E+02
        67  3.081609E+02
        68  3.001051E+02
        69  3.105449E+02
        70  3.001316E+02
        71  3.081552E+02
        72  3.090989E+02
        73  3.082825E+02
        74  2.995765E+02
        75  3.079669E+02
        76  2.997682E+02
        77  3.179517E+02
        78  2.984288E+02
        79  3.139812E+02
        80  2.977477E+02
        81  3.174166E+02
        82  2.976837E+02
        83  2.975797E+02
        84  2.987310E+02
        85  3.175567E+02
        86  2.985205E+02
        87  2.979164E+02
        88  3.310002E+02
        89  2.967998E+02
        90  3.285873E+02
        91  2.971440E+02
        92  3.134204E+02
        93  3.103377E+02
        94  2.961366E+02
        95  2.955406E+02
        96  2.954604E+02
        97  2.956070E+02
        98  2.956344E+02
        99  2.962261E+02
       100  2.959568E+02
       101  3.730000E+02
       102  3.730000E+02
       103  3.730000E+02
       104  3.730000E+02
       105  3.730000E+02
       106  3.730000E+02
       107  3.730000E+02

                                INCREMENT     3


 temperatures for set N_ALL and time  0.6000000E+01

         1  3.000124E+02
         2  3.509725E+02
         3  2.992666E+02
         4  3.383071E+02
         5  2.997622E+02
         6  2.998928E+02
         7  2.988630E+02
         8  2.989233E+02
         9  2.995448E+02
        10  2.995366E+02
        11  3.050684E+02
        12  3.230926E+02
        13  3.539481E+02
        14  3.515122E+02
        15  3.482277E+02
        16  3.481362E+02
        17  3.490039E+02
        18  3.522653E+02
        19  2.993437E+02
        20  2.990970E+02
        21  3.000814E+02
        22  2.995856E+02
        23  2.999858E+02
        24  2.998737E+02
        25  2.995127E+02
        26  2.996554E+02
        27  2.991972E+02
        28  2.994596E+02
        29  3.000429E+02
        30  3.002112E+02
        31  2.998978E+02
        32  3.035611E+02
        33  3.155317E+02
        34  3.477038E+02
        35  3.346087E+02
        36  3.509647E+02
        37  3.352020E+02
        38  3.489958E+02
        39  3.271414E+02
        40  3.493539E+02
        41  3.278684E+02
        42  3.481830E+02
        43  3.274974E+02
        44  3.493951E+02
        45  3.359195E+02
        46  3.498232E+02
        47  3.134113E+02
        48  3.134596E+02
        49  3.199304E+02
        50  3.219129E+02
        51  3.060425E+02
        52  3.238429E+02
        53  3.233738E+02
        54  3.039723E+02
        55  3.047281E+02
        56  3.029201E+02
        57  3.284580E+02
        58  3.038550E+02
        59  3.348047E+02
        60  3.340971E+02
        61  3.014828E+02
        62  3.016648E+02
        63  3.107144E+02
        64  3.077621E+02
        65  3.181948E+02
        66  3.051266E+02
        67  3.154053E+02
        68  3.057818E+02
        69  3.176239E+02
        70  3.056076E+02
        71  3.153805E+02
        72  3.164692E+02
        73  3.156092E+02
        74  3.053367E+02
        75  3.158366E+02
        76  3.052086E+02
        77  3.251292E+02
        78  3.033033E+02
        79  3.209569E+02
        80  3.025656E+02
        81  3.245826E+02
        82  3.022403E+02
        83  3.021270E+02
        84  3.034727E+02
        85  3.247955E+02
        86  3.032138E+02
        87  3.024878E+02
        88  3.367906E+02
        89  3.015867E+02
        90  3.340798E+02
        91  3.013454E+02
        92  3.211581E+02
        93  3.183496E+02
        94  2.997892E+02
        95  2.989661E+02
        96  2.989849E+02
        97  2.990835E+02
        98  2.990926E+02
        99  2.999483E+02
       100  2.995871E+02
       101  3.730000E+02
       102  3.730000E+02
       103  3.730000E+02
       104  3.730000E+02
       105  3.730000E+02
       106  3.730000E+02
       107  3.730000E+02

                                INCREMENT     4


 temperatures for set N_ALL and time  0.8000000E+01

         1  3.044757E+02
         2  3.536659E+02
         3  3.037867E+02
         4  3.426038E+02
         5  3.041358E+02
         6  3.043333E+02
         7  3.032184E+02
         8  3.032051E+02
         9  3.039366E+02
        10  3.039053E+02
        11  3.101658E+02
        12  3.282833E+02
        13  3.563695E+02
        14  3.542203E+02
        15  3.514704E+02
        16  3.513364E+02
        17  3.521317E+02
        18  3.548303E+02
        19  3.039145E+02
        20  3.036488E+02
        21  3.047123E+02
        22  3.041514E+02
        23  3.044999E+02
        24  3.043523E+02
        25  3.039146E+02
        26  3.040646E+02
        27  3.035925E+02
        28  3.038847E+02
        29  3.045625E+02
        30  3.047925E+02
        31  3.044089E+02
        32  3.088463E+02
        33  3.216344E+02
        34  3.507542E+02
        35  3.394778E+02
        36  3.536698E+02
        37  3.397582E+02
        38  3.518853E+02
        39  3.327969E+02
        40  3.521394E+02
        41  3.332850E+02
        42  3.511407E+02
        43  3.331139E+02
        44  3.522437E+02
        45  3.406835E+02
        46  3.525869E+02
        47  3.186426E+02
        48  3.187101E+02
        49  3.251294E+02
        50  3.269200E+02
        51  3.111713E+02
        52  3.287009E+02
        53  3.283052E+02
        54  3.088651E+02
        55  3.095644E+02
        56  3.078346E+02
        57  3.331269E+02
        58  3.088057E+02
        59  3.389942E+02
        60  3.383836E+02
        61  3.061431E+02
        62  3.063541E+02
        63  3.161867E+02
        64  3.137958E+02
        65  3.237917E+02
        66  3.104280E+02
        67  3.211005E+02
        68  3.111359E+02
        69  3.231554E+02
        70  3.108572E+02
        71  3.210854E+02
        72  3.221774E+02
        73  3.213446E+02
        74  3.107301E+02
        75  3.217765E+02
        76  3.104956E+02
        77  3.303480E+02
        78  3.083161E+02
        79  3.262888E+02
        80  3.076118E+02
        81  3.298431E+02
        82  3.071174E+02
        83  3.069938E+02
        84  3.084253E+02
        85  3.300548E+02
        86  3.081141E+02
        87  3.073497E+02
        88  3.408561E+02
        89  3.066735E+02
        90  3.381702E+02
        91  3.060813E+02
        92  3.267833E+02
        93  3.242059E+02
        94  3.042293E+02
        95  3.033059E+02
        96  3.034076E+02
        97  3.035096E+02
        98  3.034301E+02
        99  3.044556E+02
       100  3.040404E+02
       101  3.730000E+02
       102  3.730000E+02
       103  3.730000E+02
       104  3.730000E+02
       105  3.730000E+02
       106  3.730000E+02
       107  3.730000E+02

                                INCREMENT     5


 temperatures for set N_ALL and time  0.1000000E+02

         1  3.092142E+02
         2  3.556347E+02
         3  3.085894E+02
         4  3.457561E+02
         5  3.088432E+02
         6  3.090562E+02
         7  3.079227E+02
         8  3.078586E+02
         9  3.086263E+02
        10  3.086001E+02
        11  3.150151E+02
        12  3.324403E+02
        13  3.581112E+02
        14  3.561777E+02
        15  3.537920E+02
        16  3.536523E+02
        17  3.543776E+02
        18  3.567065E+02
        19  3.087435E+02
        20  3.084696E+02
        21  3.095230E+02
        22  3.089445E+02
        23  3.092463E+02
        24  3.090697E+02
        25  3.085988E+02
        26  3.087463E+02
        27  3.082962E+02
        28  3.085942E+02
        29  3.093026E+02
        30  3.095617E+02
        31  3.091647E+02
        32  3.138453E+02
        33  3.264916E+02
        34  3.530270E+02
        35  3.430073E+02
        36  3.556704E+02
        37  3.431469E+02
        38  3.540469E+02
        39  3.369761E+02
        40  3.542534E+02
        41  3.373464E+02
        42  3.533729E+02
        43  3.372663E+02
        44  3.543787E+02
        45  3.441350E+02
        46  3.546590E+02
        47  3.232132E+02
        48  3.232943E+02
        49  3.294205E+02
        50  3.310474E+02
        51  3.159676E+02
        52  3.326914E+02
        53  3.323467E+02
        54  3.136386E+02
        55  3.142923E+02
        56  3.126524E+02
        57  3.368498E+02
        58  3.136145E+02
        59  3.422537E+02
        60  3.417176E+02
        61  3.109321E+02
        62  3.111316E+02
        63  3.209811E+02
        64  3.189566E+02
        65  3.283315E+02
        66  3.153457E+02
        67  3.257898E+02
        68  3.160605E+02
        69  3.276862E+02
        70  3.157327E+02
        71  3.257852E+02
        72  3.268307E+02
        73  3.260425E+02
        74  3.156804E+02
        75  3.265500E+02
        76  3.154277E+02
        77  3.344433E+02
        78  3.131756E+02
        79  3.306006E+02
        80  3.125136E+02
        81  3.339835E+02
        82  3.119383E+02
        83  3.118089E+02
        84  3.132529E+02
        85  3.341778E+02
        86  3.129127E+02
        87  3.121509E+02
        88  3.439985E+02
        89  3.116584E+02
        90  3.414420E+02
        91  3.109002E+02
        92  3.312009E+02
        93  3.288295E+02
        94  3.089402E+02
        95  3.079912E+02
        96  3.081590E+02
        97  3.082794E+02
        98  3.081028E+02
        99  3.092120E+02
       100  3.087728E+02
       101  3.730000E+02
       102  3.730000E+02
       103  3.730000E+02
       104  3.730000E+02
       105  3.730000E+02
       106  3.730000E+02
       107  3.730000E+02

                                INCREMENT     6


 temperatures for set N_ALL and time  0.1200000E+02

         1  3.139119E+02
         2  3.572232E+02
         3  3.133457E+02
         4  3.482836E+02
         5  3.135400E+02
         6  3.137410E+02
         7  3.126278E+02
         8  3.125341E+02
         9  3.132969E+02
        10  3.132855E+02
        11  3.195454E+02
        12  3.359611E+02
        13  3.594973E+02
        14  3.577383E+02
        15  3.556166E+02
        16  3.554830E+02
        17  3.561461E+02
        18  3.582120E+02
        19  3.135095E+02
        20  3.132365E+02
        21  3.142369E+02
        22  3.136666E+02
        23  3.139290E+02
        24  3.137355E+02
        25  3.132596E+02
        26  3.134000E+02
        27  3.129822E+02
        28  3.132746E+02
        29  3.139766E+02
        30  3.142459E+02
        31  3.138661E+02
        32  3.184948E+02
        33  3.305750E+02
        34  3.548630E+02
        35  3.458116E+02
        36  3.572745E+02
        37  3.458824E+02
        38  3.557903E+02
        39  3.403207E+02
        40  3.559690E+02
        41  3.406271E+02
        42  3.551786E+02
        43  3.405902E+02
        44  3.560990E+02
        45  3.468634E+02
        46  3.563390E+02
        47  3.272865E+02
        48  3.273765E+02
        49  3.331159E+02
        50  3.346024E+02
        51  3.204136E+02
        52  3.361220E+02
        53  3.358135E+02
        54  3.181682E+02
        55  3.187850E+02
        56  3.172353E+02
        57  3.399893E+02
        58  3.181644E+02
        59  3.449692E+02
        60  3.444892E+02
        61  3.155927E+02
        62  3.157690E+02
        63  3.252524E+02
        64  3.234829E+02
        65  3.321887E+02
        66  3.198764E+02
        67  3.298124E+02
        68  3.205789E+02
        69  3.315624E+02
        70  3.202301E+02
        71  3.298149E+02
        72  3.307982E+02
        73  3.300584E+02
        74  3.202210E+02
        75  3.305880E+02
        76  3.199832E+02
        77  3.378570E+02
        78  3.177713E+02
        79  3.342626E+02
        80  3.171487E+02
        81  3.374331E+02
        82  3.165455E+02
        83  3.164159E+02
        84  3.178265E+02
        85  3.376087E+02
        86  3.174779E+02
        87  3.167402E+02
        88  3.465957E+02
        89  3.163872E+02
        90  3.442011E+02
        91  3.155716E+02
        92  3.348879E+02
        93  3.327022E+02
        94  3.136140E+02
        95  3.126799E+02
        96  3.128967E+02
        97  3.130335E+02
        98  3.127784E+02
        99  3.139118E+02
       100  3.134664E+02
       101  3.730000E+02
       102  3.730000E+02
       103  3.730000E+02
       104  3.730000E+02
       105  3.730000E+02
       106  3.730000E+02
       107  3.730000E+02

                                INCREMENT     7


 temperatures for set N_ALL and time  0.1400000E+02

         1  3.184089E+02
         2  3.585786E+02
         3  3.178946E+02
         4  3.504268E+02
         5  3.180504E+02
         6  3.182287E+02
         7  3.171574E+02
         8  3.170485E+02
         9  3.177848E+02
        10  3.177900E+02
        11  3.237461E+02
        12  3.390488E+02
        13  3.606692E+02
        14  3.590584E+02
        15  3.571420E+02
        16  3.570175E+02
        17  3.576258E+02
        18  3.594898E+02
        19  3.180583E+02
        20  3.177928E+02
        21  3.187236E+02
        22  3.181742E+02
        23  3.184031E+02
        24  3.182030E+02
        25  3.177387E+02
        26  3.178700E+02
        27  3.174859E+02
        28  3.177671E+02
        29  3.184435E+02
        30  3.187127E+02
        31  3.183623E+02
        32  3.227938E+02
        33  3.341368E+02
        34  3.564268E+02
        35  3.481770E+02
        36  3.586339E+02
        37  3.482116E+02
        38  3.572716E+02
        39  3.431484E+02
        40  3.574305E+02
        41  3.434148E+02
        42  3.567134E+02
        43  3.433996E+02
        44  3.575584E+02
        45  3.491527E+02
        46  3.577722E+02
        47  3.309666E+02
        48  3.310618E+02
        49  3.363871E+02
        50  3.377515E+02
        51  3.245227E+02
        52  3.391578E+02
        53  3.388758E+02
        54  3.224085E+02
        55  3.229923E+02
        56  3.215315E+02
        57  3.427341E+02
        58  3.224156E+02
        59  3.473282E+02
        60  3.468922E+02
        61  3.200091E+02
        62  3.201612E+02
        63  3.291083E+02
        64  3.275302E+02
        65  3.355746E+02
        66  3.240478E+02
        67  3.333633E+02
        68  3.247292E+02
        69  3.349804E+02
        70  3.243740E+02
        71  3.333701E+02
        72  3.342881E+02
        73  3.335965E+02
        74  3.243922E+02
        75  3.341239E+02
        76  3.241800E+02
        77  3.408205E+02
        78  3.220648E+02
        79  3.374785E+02
        80  3.214788E+02
        81  3.404234E+02
        82  3.208764E+02
        83  3.207509E+02
        84  3.221023E+02
        85  3.405825E+02
        86  3.217585E+02
        87  3.210557E+02
        88  3.488384E+02
        89  3.208067E+02
        90  3.466122E+02
        91  3.199914E+02
        92  3.380924E+02
        93  3.360752E+02
        94  3.180949E+02
        95  3.171965E+02
        96  3.174473E+02
        97  3.175941E+02
        98  3.172837E+02
        99  3.184044E+02
       100  3.179632E+02
       101  3.730000E+02
       102  3.730000E+02
       103  3.730000E+02
       104  3.730000E+02
       105  3.730000E+02
       106  3.730000E+02
       107  3.730000E+02

                                INCREMENT     8


 temperatures for set N_ALL and time  0.1600000E+02

         1  3.226363E+02
         2  3.597734E+02
         3  3.221678E+02
         4  3.523078E+02
         5  3.222974E+02
         6  3.224506E+02
         7  3.214322E+02
         8  3.213172E+02
         9  3.220164E+02
        10  3.220366E+02
        11  3.276273E+02
        12  3.418137E+02
        13  3.616965E+02
        14  3.602159E+02
        15  3.584688E+02
        16  3.583536E+02
        17  3.589130E+02
        18  3.606120E+02
        19  3.223261E+02
        20  3.220720E+02
        21  3.229298E+02
        22  3.224071E+02
        23  3.226073E+02
        24  3.224077E+02
        25  3.219639E+02
        26  3.220853E+02
        27  3.217333E+02
        28  3.220007E+02
        29  3.226428E+02
        30  3.229060E+02
        31  3.225882E+02
        32  3.267593E+02
        33  3.373153E+02
        34  3.578030E+02
        35  3.502478E+02
        36  3.598270E+02
        37  3.502617E+02
        38  3.585731E+02
        39  3.456251E+02
        40  3.587159E+02
        41  3.458627E+02
        42  3.580612E+02
        43  3.458593E+02
        44  3.588392E+02
        45  3.511485E+02
        46  3.590344E+02
        47  3.343191E+02
        48  3.344170E+02
        49  3.393324E+02
        50  3.405884E+02
        51  3.283159E+02
        52  3.418911E+02
        53  3.416297E+02
        54  3.263497E+02
        55  3.269022E+02
        56  3.255284E+02
        57  3.451875E+02
        58  3.263623E+02
        59  3.494296E+02
        60  3.490295E+02
        61  3.241374E+02
        62  3.242678E+02
        63  3.326187E+02
        64  3.311940E+02
        65  3.386083E+02
        66  3.278897E+02
        67  3.365551E+02
        68  3.285456E+02
        69  3.380514E+02
        70  3.281919E+02
        71  3.365641E+02
        72  3.374185E+02
        73  3.367735E+02
        74  3.282287E+02
        75  3.372873E+02
        76  3.280438E+02
        77  3.434584E+02
        78  3.260502E+02
        79  3.403614E+02
        80  3.254989E+02
        81  3.430819E+02
        82  3.249124E+02
        83  3.247933E+02
        84  3.260729E+02
        85  3.432271E+02
        86  3.257415E+02
        87  3.250782E+02
        88  3.508281E+02
        89  3.249070E+02
        90  3.487663E+02
        91  3.241207E+02
        92  3.409476E+02
        93  3.390842E+02
        94  3.223145E+02
        95  3.214614E+02
        96  3.217338E+02
        97  3.218848E+02
        98  3.215393E+02
        99  3.226256E+02
       100  3.221951E+02
       101  3.730000E+02
       102  3.730000E+02
       103  3.730000E+02
       104  3.730000E+02
       105  3.730000E+02
       106  3.730000E+02
       107  3.730000E+02

                                INCREMENT     9


 temperatures for set N_ALL and time  0.1800000E+02

         1  3.265721E+02
         2  3.608466E+02
         3  3.261445E+02
         4  3.539930E+02
         5  3.262550E+02
         6  3.263845E+02
         7  3.254238E+02
         8  3.253080E+02
         9  3.259658E+02
        10  3.259984E+02
        11  3.312071E+02
        12  3.443195E+02
        13  3.626166E+02
        14  3.612527E+02
        15  3.596513E+02
        16  3.595447E+02
        17  3.600601E+02
        18  3.616180E+02
        19  3.262947E+02
        20  3.260542E+02
        21  3.268411E+02
        22  3.263476E+02
        23  3.265232E+02
        24  3.263282E+02
        25  3.259091E+02
        26  3.260207E+02
        27  3.256986E+02
        28  3.259511E+02
        29  3.265553E+02
        30  3.268093E+02
        31  3.265232E+02
        32  3.304133E+02
        33  3.401903E+02
        34  3.590380E+02
        35  3.521007E+02
        36  3.608964E+02
        37  3.521021E+02
        38  3.597402E+02
        39  3.478417E+02
        40  3.598689E+02
        41  3.480561E+02
        42  3.592691E+02
        43  3.480596E+02
        44  3.599867E+02
        45  3.529297E+02
        46  3.601675E+02
        47  3.373880E+02
        48  3.374867E+02
        49  3.420110E+02
        50  3.431696E+02
        51  3.318154E+02
        52  3.443770E+02
        53  3.441325E+02
        54  3.299990E+02
        55  3.305208E+02
        56  3.292316E+02
        57  3.474097E+02
        58  3.300139E+02
        59  3.513287E+02
        60  3.509595E+02
        61  3.279691E+02
        62  3.280811E+02
        63  3.358302E+02
        64  3.345347E+02
        65  3.413596E+02
        66  3.314292E+02
        67  3.394553E+02
        68  3.320571E+02
        69  3.408411E+02
        70  3.317100E+02
        71  3.394653E+02
        72  3.402593E+02
        73  3.396588E+02
        74  3.317597E+02
        75  3.401533E+02
        76  3.316004E+02
        77  3.458414E+02
        78  3.297368E+02
        79  3.429767E+02
        80  3.292189E+02
        81  3.454820E+02
        82  3.286557E+02
        83  3.285441E+02
        84  3.297471E+02
        85  3.456154E+02
        86  3.294318E+02
        87  3.288095E+02
        88  3.526216E+02
        89  3.286968E+02
        90  3.507161E+02
        91  3.279526E+02
        92  3.435287E+02
        93  3.418066E+02
        94  3.262494E+02
        95  3.254456E+02
        96  3.257300E+02
        97  3.258809E+02
        98  3.255156E+02
        99  3.265557E+02
       100  3.261399E+02
       101  3.730000E+02
       102  3.730000E+02
       103  3.730000E+02
       104  3.730000E+02
       105  3.730000E+02
       106  3.730000E+02
       107  3.730000E+02

                                INCREMENT    10


 temperatures for set N_ALL and time  0.2000000E+02

         1  3.302178E+02
         2  3.618211E+02
         3  3.298268E+02
         4  3.555206E+02
         5  3.299227E+02
         6  3.300312E+02
         7  3.291295E+02
         8  3.290158E+02
         9  3.296314E+02
        10  3.296736E+02
        11  3.345061E+02
        12  3.466065E+02
        13  3.634507E+02
        14  3.621930E+02
        15  3.607205E+02
        16  3.606218E+02
        17  3.610972E+02
        18  3.625303E+02
        19  3.299679E+02
        20  3.297419E+02
        21  3.304624E+02
        22  3.299986E+02
        23  3.301530E+02
        24  3.299652E+02
        25  3.295723E+02
        26  3.296746E+02
        27  3.293797E+02
        28  3.296170E+02
        29  3.301829E+02
        30  3.304259E+02
        31  3.301689E+02
        32  3.337786E+02
        33  3.428110E+02
        34  3.601587E+02
        35  3.537797E+02
        36  3.618663E+02
        37  3.537731E+02
        38  3.607992E+02
        39  3.498510E+02
        40  3.609155E+02
        41  3.500456E+02
        42  3.603647E+02
        43  3.500533E+02
        44  3.610273E+02
        45  3.545412E+02
        46  3.611961E+02
        47  3.402050E+02
        48  3.403029E+02
        49  3.444613E+02
        50  3.455312E+02
        51  3.350429E+02
        52  3.466505E+02
        53  3.464208E+02
        54  3.333706E+02
        55  3.338623E+02
        56  3.326548E+02
        57  3.494378E+02
        58  3.333861E+02
        59  3.530592E+02
        60  3.527175E+02
        61  3.315123E+02
        62  3.316087E+02
        63  3.387766E+02
        64  3.375936E+02
        65  3.438721E+02
        66  3.346909E+02
        67  3.421072E+02
        68  3.352895E+02
        69  3.433912E+02
        70  3.349521E+02
        71  3.421174E+02
        72  3.428548E+02
        73  3.422963E+02
        74  3.350108E+02
        75  3.427687E+02
        76  3.348741E+02
        77  3.480121E+02
        78  3.331403E+02
        79  3.453653E+02
        80  3.326547E+02
        81  3.476683E+02
        82  3.321184E+02
        83  3.320145E+02
        84  3.331405E+02
        85  3.477915E+02
        86  3.328431E+02
        87  3.322613E+02
        88  3.542533E+02
        89  3.321930E+02
        90  3.524941E+02
        91  3.314958E+02
        92  3.458811E+02
        93  3.442892E+02
        94  3.298995E+02
        95  3.291455E+02
        96  3.294348E+02
        97  3.295826E+02
        98  3.292088E+02
        99  3.301966E+02
       100  3.297982E+02
       101  3.730000E+02
       102  3.730000E+02
       103  3.730000E+02
       104  3.730000E+02
       105  3.730000E+02
       106  3.730000E+02
       107  3.730000E+02

                                INCREMENT    11


 temperatures for set N_ALL and time  0.2200000E+02

         1  3.335855E+02
         2  3.627114E+02
         3  3.332276E+02
         4  3.569149E+02
         5  3.333117E+02
         6  3.334023E+02
         7  3.325586E+02
         8  3.324489E+02
         9  3.330229E+02
        10  3.330723E+02
        11  3.375450E+02
        12  3.487018E+02
        13  3.642120E+02
        14  3.630516E+02
        15  3.616954E+02
        16  3.616039E+02
        17  3.620426E+02
        18  3.633635E+02
        19  3.333593E+02
        20  3.331478E+02
        21  3.338071E+02
        22  3.333728E+02
        23  3.335088E+02
        24  3.333295E+02
        25  3.329628E+02
        26  3.330564E+02
        27  3.327864E+02
        28  3.330089E+02
        29  3.335372E+02
        30  3.337682E+02
        31  3.335373E+02
        32  3.368774E+02
        33  3.452103E+02
        34  3.611823E+02
        35  3.553120E+02
        36  3.627522E+02
        37  3.553001E+02
        38  3.617667E+02
        39  3.516857E+02
        40  3.618718E+02
        41  3.518627E+02
        42  3.613653E+02
        43  3.518732E+02
        44  3.619776E+02
        45  3.560109E+02
        46  3.621357E+02
        47  3.427948E+02
        48  3.428907E+02
        49  3.467103E+02
        50  3.476989E+02
        51  3.380189E+02
        52  3.487363E+02
        53  3.485203E+02
        54  3.364821E+02
        55  3.369442E+02
        56  3.358152E+02
        57  3.512969E+02
        58  3.364973E+02
        59  3.546435E+02
        60  3.543267E+02
        61  3.347820E+02
        62  3.348654E+02
        63  3.414843E+02
        64  3.404011E+02
        65  3.461756E+02
        66  3.376970E+02
        67  3.445407E+02
        68  3.382654E+02
        69  3.457306E+02
        70  3.379401E+02
        71  3.445507E+02
        72  3.452351E+02
        73  3.447161E+02
        74  3.380048E+02
        75  3.451653E+02
        76  3.378875E+02
        77  3.499988E+02
        78  3.362791E+02
        79  3.475550E+02
        80  3.358245E+02
        81  3.496701E+02
        82  3.353166E+02
        83  3.352204E+02
        84  3.362712E+02
        85  3.497843E+02
        86  3.359922E+02
        87  3.354495E+02
        88  3.557455E+02
        89  3.354150E+02
        90  3.541225E+02
        91  3.347657E+02
        92  3.480349E+02
        93  3.465636E+02
        94  3.332753E+02
        95  3.325703E+02
        96  3.328591E+02
        97  3.330019E+02
        98  3.326277E+02
        99  3.335607E+02
       100  3.331811E+02
       101  3.730000E+02
       102  3.730000E+02
       103  3.730000E+02
       104  3.730000E+02
       105  3.730000E+02
       106  3.730000E+02
       107  3.730000E+02

                                INCREMENT    12


 temperatures for set N_ALL and time  0.2400000E+02

         1  3.366919E+02
         2  3.635275E+02
         3  3.363638E+02
         4  3.581924E+02
         5  3.364382E+02
         6  3.365137E+02
         7  3.357263E+02
         8  3.356213E+02
         9  3.361554E+02
        10  3.362098E+02
        11  3.403438E+02
        12  3.506258E+02
        13  3.649096E+02
        14  3.638387E+02
        15  3.625885E+02
        16  3.625037E+02
        17  3.629086E+02
        18  3.641271E+02
        19  3.364864E+02
        20  3.362892E+02
        21  3.368924E+02
        22  3.364867E+02
        23  3.366068E+02
        24  3.364366E+02
        25  3.360953E+02
        26  3.361808E+02
        27  3.359336E+02
        28  3.361417E+02
        29  3.366339E+02
        30  3.368526E+02
        31  3.366449E+02
        32  3.397305E+02
        33  3.474125E+02
        34  3.621204E+02
        35  3.567160E+02
        36  3.635642E+02
        37  3.567005E+02
        38  3.626540E+02
        39  3.533679E+02
        40  3.627490E+02
        41  3.535292E+02
        42  3.622830E+02
        43  3.535415E+02
        44  3.628489E+02
        45  3.573572E+02
        46  3.629971E+02
        47  3.451777E+02
        48  3.452708E+02
        49  3.487783E+02
        50  3.496921E+02
        51  3.407626E+02
        52  3.506532E+02
        53  3.504501E+02
        54  3.393515E+02
        55  3.397849E+02
        56  3.387308E+02
        57  3.530053E+02
        58  3.393660E+02
        59  3.560975E+02
        60  3.558037E+02
        61  3.377963E+02
        62  3.378688E+02
        63  3.439747E+02
        64  3.429814E+02
        65  3.482922E+02
        66  3.404676E+02
        67  3.467782E+02
        68  3.410057E+02
        69  3.478809E+02
        70  3.406937E+02
        71  3.467879E+02
        72  3.474228E+02
        73  3.469409E+02
        74  3.407623E+02
        75  3.473663E+02
        76  3.406617E+02
        77  3.518220E+02
        78  3.391721E+02
        79  3.495666E+02
        80  3.387474E+02
        81  3.515083E+02
        82  3.382681E+02
        83  3.381792E+02
        84  3.391579E+02
        85  3.516143E+02
        86  3.388970E+02
        87  3.383917E+02
        88  3.571142E+02
        89  3.383830E+02
        90  3.556175E+02
        91  3.377803E+02
        92  3.500120E+02
        93  3.486522E+02
        94  3.363923E+02
        95  3.357344E+02
        96  3.360190E+02
        97  3.361557E+02
        98  3.357867E+02
        99  3.366646E+02
       100  3.363044E+02
       101  3.730000E+02
       102  3.730000E+02
       103  3.730000E+02
       104  3.730000E+02
       105  3.730000E+02
       106  3.730000E+02
       107  3.730000E+02

                                INCREMENT    13


 temperatures for set N_ALL and time  0.2600000E+02

         1  3.395549E+02
         2  3.642772E+02
         3  3.392541E+02
         4  3.593653E+02
         5  3.393203E+02
         6  3.393830E+02
         7  3.386494E+02
         8  3.385496E+02
         9  3.390459E+02
        10  3.391035E+02
        11  3.429211E+02
        12  3.523947E+02
        13  3.655502E+02
        14  3.645620E+02
        15  3.634089E+02
        16  3.633302E+02
        17  3.637039E+02
        18  3.648286E+02
        19  3.393678E+02
        20  3.391843E+02
        21  3.397365E+02
        22  3.393582E+02
        23  3.394645E+02
        24  3.393036E+02
        25  3.389866E+02
        26  3.390647E+02
        27  3.388382E+02
        28  3.390325E+02
        29  3.394904E+02
        30  3.396967E+02
        31  3.395097E+02
        32  3.423575E+02
        33  3.494367E+02
        34  3.629820E+02
        35  3.580052E+02
        36  3.643102E+02
        37  3.579874E+02
        38  3.634694E+02
        39  3.549138E+02
        40  3.635554E+02
        41  3.550609E+02
        42  3.631264E+02
        43  3.550744E+02
        44  3.636495E+02
        45  3.585934E+02
        46  3.637883E+02
        47  3.473713E+02
        48  3.474610E+02
        49  3.506820E+02
        50  3.515265E+02
        51  3.432919E+02
        52  3.524168E+02
        53  3.522259E+02
        54  3.419966E+02
        55  3.424023E+02
        56  3.414196E+02
        57  3.545772E+02
        58  3.420102E+02
        59  3.574341E+02
        60  3.571616E+02
        61  3.405736E+02
        62  3.406368E+02
        63  3.462665E+02
        64  3.453547E+02
        65  3.502393E+02
        66  3.430212E+02
        67  3.488379E+02
        68  3.435291E+02
        69  3.498595E+02
        70  3.432315E+02
        71  3.488471E+02
        72  3.494358E+02
        73  3.489887E+02
        74  3.433022E+02
        75  3.493903E+02
        76  3.432157E+02
        77  3.534976E+02
        78  3.418378E+02
        79  3.514167E+02
        80  3.414414E+02
        81  3.531990E+02
        82  3.409905E+02
        83  3.409084E+02
        84  3.418188E+02
        85  3.532976E+02
        86  3.415754E+02
        87  3.411055E+02
        88  3.583717E+02
        89  3.411164E+02
        90  3.569918E+02
        91  3.405581E+02
        92  3.518294E+02
        93  3.505730E+02
        94  3.392678E+02
        95  3.386548E+02
        96  3.389323E+02
        97  3.390622E+02
        98  3.387024E+02
        99  3.395261E+02
       100  3.391857E+02
       101  3.730000E+02
       102  3.730000E+02
       103  3.730000E+02
       104  3.730000E+02
       105  3.730000E+02
       106  3.730000E+02
       107  3.730000E+02

                                INCREMENT    14


 temperatures for set N_ALL and time  0.2800000E+02

         1  3.421927E+02
         2  3.649666E+02
         3  3.419166E+02
         4  3.604437E+02
         5  3.419758E+02
         6  3.420279E+02
         7  3.413453E+02
         8  3.412509E+02
         9  3.417115E+02
        10  3.417710E+02
        11  3.452945E+02
        12  3.540221E+02
        13  3.661392E+02
        14  3.652272E+02
        15  3.641636E+02
        16  3.640905E+02
        17  3.644356E+02
        18  3.654737E+02
        19  3.420220E+02
        20  3.418515E+02
        21  3.423573E+02
        22  3.420050E+02
        23  3.420992E+02
        24  3.419478E+02
        25  3.416535E+02
        26  3.417250E+02
        27  3.415173E+02
        28  3.416986E+02
        29  3.421241E+02
        30  3.423181E+02
        31  3.421494E+02
        32  3.447764E+02
        33  3.512986E+02
        34  3.637741E+02
        35  3.591905E+02
        36  3.649962E+02
        37  3.591713E+02
        38  3.642198E+02
        39  3.563363E+02
        40  3.642976E+02
        41  3.564706E+02
        42  3.639026E+02
        43  3.564848E+02
        44  3.643860E+02
        45  3.597302E+02
        46  3.645160E+02
        47  3.493912E+02
        48  3.494771E+02
        49  3.524352E+02
        50  3.532157E+02
        51  3.456234E+02
        52  3.540400E+02
        53  3.538610E+02
        54  3.444345E+02
        55  3.448135E+02
        56  3.438984E+02
        57  3.560247E+02
        58  3.444471E+02
        59  3.586636E+02
        60  3.584110E+02
        61  3.431319E+02
        62  3.431873E+02
        63  3.483763E+02
        64  3.475387E+02
        65  3.520318E+02
        66  3.453748E+02
        67  3.507350E+02
        68  3.458530E+02
        69  3.516812E+02
        70  3.455703E+02
        71  3.507437E+02
        72  3.512894E+02
        73  3.508747E+02
        74  3.456417E+02
        75  3.512528E+02
        76  3.455672E+02
        77  3.550388E+02
        78  3.442935E+02
        79  3.531194E+02
        80  3.439242E+02
        81  3.547555E+02
        82  3.435008E+02
        83  3.434252E+02
        84  3.442710E+02
        85  3.548472E+02
        86  3.440444E+02
        87  3.436078E+02
        88  3.595282E+02
        89  3.436334E+02
        90  3.582561E+02
        91  3.431170E+02
        92  3.535014E+02
        93  3.523408E+02
        94  3.419190E+02
        95  3.413486E+02
        96  3.416170E+02
        97  3.417398E+02
        98  3.413920E+02
        99  3.421630E+02
       100  3.418424E+02
       101  3.730000E+02
       102  3.730000E+02
       103  3.730000E+02
       104  3.730000E+02
       105  3.730000E+02
       106  3.730000E+02
       107  3.730000E+02

                                INCREMENT    15


 temperatures for set N_ALL and time  0.3000000E+02

         1  3.446224E+02
         2  3.656010E+02
         3  3.443689E+02
         4  3.614358E+02
         5  3.444220E+02
         6  3.444652E+02
         7  3.438308E+02
         8  3.437419E+02
         9  3.441690E+02
        10  3.442291E+02
        11  3.474802E+02
        12  3.555200E+02
        13  3.666811E+02
        14  3.658396E+02
        15  3.648584E+02
        16  3.647906E+02
        17  3.651091E+02
        18  3.660674E+02
        19  3.444664E+02
        20  3.443083E+02
        21  3.447717E+02
        22  3.444441E+02
        23  3.445278E+02
        24  3.443856E+02
        25  3.441128E+02
        26  3.441781E+02
        27  3.439877E+02
        28  3.441565E+02
        29  3.445516E+02
        30  3.447336E+02
        31  3.445812E+02
        32  3.470037E+02
        33  3.530122E+02
        34  3.645030E+02
        35  3.602811E+02
        36  3.656276E+02
        37  3.602611E+02
        38  3.649106E+02
        39  3.576462E+02
        40  3.649811E+02
        41  3.577688E+02
        42  3.646173E+02
        43  3.577834E+02
        44  3.650641E+02
        45  3.607764E+02
        46  3.651856E+02
        47  3.512515E+02
        48  3.513332E+02
        49  3.540505E+02
        50  3.547718E+02
        51  3.477725E+02
        52  3.555346E+02
        53  3.553669E+02
        54  3.466811E+02
        55  3.470347E+02
        56  3.461834E+02
        57  3.573581E+02
        58  3.466927E+02
        59  3.597952E+02
        60  3.595611E+02
        61  3.454881E+02
        62  3.455368E+02
        63  3.503188E+02
        64  3.495491E+02
        65  3.536825E+02
        66  3.475440E+02
        67  3.524829E+02
        68  3.479933E+02
        69  3.533590E+02
        70  3.477256E+02
        71  3.524911E+02
        72  3.529966E+02
        73  3.526123E+02
        74  3.477967E+02
        75  3.529676E+02
        76  3.477323E+02
        77  3.564572E+02
        78  3.465556E+02
        79  3.546870E+02
        80  3.462119E+02
        81  3.561891E+02
        82  3.458153E+02
        83  3.457456E+02
        84  3.465307E+02
        85  3.562743E+02
        86  3.463199E+02
        87  3.459146E+02
        88  3.605924E+02
        89  3.459512E+02
        90  3.594198E+02
        91  3.454738E+02
        92  3.550403E+02
        93  3.539685E+02
        94  3.443626E+02
        95  3.438324E+02
        96  3.440904E+02
        97  3.442061E+02
        98  3.438721E+02
        99  3.445925E+02
       100  3.442912E+02
       101  3.730000E+02
       102  3.730000E+02
       103  3.730000E+02
       104  3.730000E+02
       105  3.730000E+02
       106  3.730000E+02
       107  3.730000E+02

                                INCREMENT    16


 temperatures for set N_ALL and time  0.3200000E+02

         1  3.468602E+02
         2  3.661849E+02
         3  3.466275E+02
         4  3.623488E+02
         5  3.466752E+02
         6  3.467110E+02
         7  3.461219E+02
         8  3.460383E+02
         9  3.464342E+02
        10  3.464941E+02
        11  3.494930E+02
        12  3.568991E+02
        13  3.671798E+02
        14  3.664035E+02
        15  3.654983E+02
        16  3.654355E+02
        17  3.657294E+02
        18  3.666140E+02
        19  3.467177E+02
        20  3.465711E+02
        21  3.469959E+02
        22  3.466915E+02
        23  3.467661E+02
        24  3.466327E+02
        25  3.463800E+02
        26  3.464397E+02
        27  3.462651E+02
        28  3.464222E+02
        29  3.467887E+02
        30  3.469592E+02
        31  3.468212E+02
        32  3.490547E+02
        33  3.545896E+02
        34  3.651738E+02
        35  3.612850E+02
        36  3.662089E+02
        37  3.612646E+02
        38  3.655470E+02
        39  3.588528E+02
        40  3.656108E+02
        41  3.589648E+02
        42  3.652758E+02
        43  3.589795E+02
        44  3.656886E+02
        45  3.617397E+02
        46  3.658021E+02
        47  3.529648E+02
        48  3.530424E+02
        49  3.555390E+02
        50  3.562053E+02
        51  3.497532E+02
        52  3.569110E+02
        53  3.567541E+02
        54  3.487513E+02
        55  3.490807E+02
        56  3.482896E+02
        57  3.585867E+02
        58  3.487619E+02
        59  3.608370E+02
        60  3.606202E+02
        61  3.476581E+02
        62  3.477010E+02
        63  3.521076E+02
        64  3.514000E+02
        65  3.552030E+02
        66  3.495433E+02
        67  3.540936E+02
        68  3.499644E+02
        69  3.549045E+02
        70  3.497118E+02
        71  3.541013E+02
        72  3.545694E+02
        73  3.542134E+02
        74  3.497818E+02
        75  3.545465E+02
        76  3.497260E+02
        77  3.577629E+02
        78  3.486394E+02
        79  3.561305E+02
        80  3.483198E+02
        81  3.575099E+02
        82  3.479488E+02
        83  3.478846E+02
        84  3.486129E+02
        85  3.575891E+02
        86  3.484170E+02
        87  3.480411E+02
        88  3.615719E+02
        89  3.480855E+02
        90  3.604912E+02
        91  3.476445E+02
        92  3.564571E+02
        93  3.554674E+02
        94  3.466147E+02
        95  3.461222E+02
        96  3.463688E+02
        97  3.464775E+02
        98  3.461585E+02
        99  3.468306E+02
       100  3.465480E+02
       101  3.730000E+02
       102  3.730000E+02
       103  3.730000E+02
       104  3.730000E+02
       105  3.730000E+02
       106  3.730000E+02
       107  3.730000E+02

                                INCREMENT    17


 temperatures for set N_ALL and time  0.3400000E+02

         1  3.489213E+02
         2  3.667225E+02
         3  3.487075E+02
         4  3.631894E+02
         5  3.487504E+02
         6  3.487802E+02
         7  3.482336E+02
         8  3.481552E+02
         9  3.485218E+02
        10  3.485808E+02
        11  3.513466E+02
        12  3.581690E+02
        13  3.676390E+02
        14  3.669229E+02
        15  3.660879E+02
        16  3.660296E+02
        17  3.663009E+02
        18  3.671173E+02
        19  3.487909E+02
        20  3.486551E+02
        21  3.490447E+02
        22  3.487621E+02
        23  3.488287E+02
        24  3.487039E+02
        25  3.484699E+02
        26  3.485246E+02
        27  3.483644E+02
        28  3.485104E+02
        29  3.488502E+02
        30  3.490095E+02
        31  3.488845E+02
        32  3.509434E+02
        33  3.560421E+02
        34  3.657914E+02
        35  3.622092E+02
        36  3.667442E+02
        37  3.621888E+02
        38  3.661331E+02
        39  3.599645E+02
        40  3.661911E+02
        41  3.600669E+02
        42  3.658825E+02
        43  3.600815E+02
        44  3.662638E+02
        45  3.626267E+02
        46  3.663697E+02
        47  3.545430E+02
        48  3.546163E+02
        49  3.569106E+02
        50  3.575260E+02
        51  3.515788E+02
        52  3.581787E+02
        53  3.580321E+02
        54  3.506587E+02
        55  3.509653E+02
        56  3.502307E+02
        57  3.597189E+02
        58  3.506685E+02
        59  3.617963E+02
        60  3.615955E+02
        61  3.496566E+02
        62  3.496945E+02
        63  3.537549E+02
        64  3.531042E+02
        65  3.566036E+02
        66  3.513858E+02
        67  3.555781E+02
        68  3.517799E+02
        69  3.563282E+02
        70  3.515421E+02
        71  3.555852E+02
        72  3.560186E+02
        73  3.556889E+02
        74  3.516103E+02
        75  3.560007E+02
        76  3.515620E+02
        77  3.589651E+02
        78  3.505588E+02
        79  3.574599E+02
        80  3.502619E+02
        81  3.587270E+02
        82  3.499154E+02
        83  3.498563E+02
        84  3.505313E+02
        85  3.588005E+02
        86  3.503496E+02
        87  3.500010E+02
        88  3.624737E+02
        89  3.500510E+02
        90  3.614777E+02
        91  3.496437E+02
        92  3.577617E+02
        93  3.568481E+02
        94  3.486899E+02
        95  3.482329E+02
        96  3.484675E+02
        97  3.485693E+02
        98  3.482660E+02
        99  3.488922E+02
       100  3.486278E+02
       101  3.730000E+02
       102  3.730000E+02
       103  3.730000E+02
       104  3.730000E+02
       105  3.730000E+02
       106  3.730000E+02
       107  3.730000E+02

                                INCREMENT    18


 temperatures for set N_ALL and time  0.3600000E+02

         1  3.508196E+02
         2  3.672176E+02
         3  3.506231E+02
         4  3.639634E+02
         5  3.506619E+02
         6  3.506865E+02
         7  3.501797E+02
         8  3.501063E+02
         9  3.504458E+02
        10  3.505032E+02
        11  3.530538E+02
        12  3.593384E+02
        13  3.680619E+02
        14  3.674013E+02
        15  3.666311E+02
        16  3.665772E+02
        17  3.668275E+02
        18  3.675809E+02
        19  3.507002E+02
        20  3.505744E+02
        21  3.509319E+02
        22  3.506699E+02
        23  3.507293E+02
        24  3.506128E+02
        25  3.503962E+02
        26  3.504463E+02
        27  3.502992E+02
        28  3.504349E+02
        29  3.507497E+02
        30  3.508985E+02
        31  3.507850E+02
        32  3.526828E+02
        33  3.573795E+02
        34  3.663601E+02
        35  3.630602E+02
        36  3.672372E+02
        37  3.630401E+02
        38  3.666732E+02
        39  3.609888E+02
        40  3.667259E+02
        41  3.610825E+02
        42  3.664416E+02
        43  3.610969E+02
        44  3.667938E+02
        45  3.634437E+02
        46  3.668924E+02
        47  3.559967E+02
        48  3.560658E+02
        49  3.581745E+02
        50  3.587429E+02
        51  3.532614E+02
        52  3.593463E+02
        53  3.592096E+02
        54  3.524162E+02
        55  3.527012E+02
        56  3.520196E+02
        57  3.607622E+02
        58  3.524252E+02
        59  3.626797E+02
        60  3.624939E+02
        61  3.514971E+02
        62  3.515308E+02
        63  3.552720E+02
        64  3.546735E+02
        65  3.578939E+02
        66  3.530839E+02
        67  3.569461E+02
        68  3.534521E+02
        69  3.576399E+02
        70  3.532288E+02
        71  3.569528E+02
        72  3.573538E+02
        73  3.570487E+02
        74  3.532948E+02
        75  3.573400E+02
        76  3.532527E+02
        77  3.600720E+02
        78  3.523267E+02
        79  3.586843E+02
        80  3.520512E+02
        81  3.598484E+02
        82  3.517280E+02
        83  3.516736E+02
        84  3.522990E+02
        85  3.599167E+02
        86  3.521304E+02
        87  3.518074E+02
        88  3.633041E+02
        89  3.518610E+02
        90  3.623862E+02
        91  3.514850E+02
        92  3.589631E+02
        93  3.581199E+02
        94  3.506021E+02
        95  3.501782E+02
        96  3.504006E+02
        97  3.504958E+02
        98  3.502085E+02
        99  3.507913E+02
       100  3.505443E+02
       101  3.730000E+02
       102  3.730000E+02
       103  3.730000E+02
       104  3.730000E+02
       105  3.730000E+02
       106  3.730000E+02
       107  3.730000E+02

                                INCREMENT    19


 temperatures for set N_ALL and time  0.3800000E+02

         1  3.525680E+02
         2  3.676735E+02
         3  3.523874E+02
         4  3.646761E+02
         5  3.524224E+02
         6  3.524428E+02
         7  3.519732E+02
         8  3.519046E+02
         9  3.522187E+02
        10  3.522743E+02
        11  3.546261E+02
        12  3.604154E+02
        13  3.684513E+02
        14  3.678420E+02
        15  3.671317E+02
        16  3.670817E+02
        17  3.673127E+02
        18  3.680078E+02
        19  3.524585E+02
        20  3.523422E+02
        21  3.526703E+02
        22  3.524274E+02
        23  3.524807E+02
        24  3.523720E+02
        25  3.521716E+02
        26  3.522175E+02
        27  3.520825E+02
        28  3.522084E+02
        29  3.525000E+02
        30  3.526386E+02
        31  3.525355E+02
        32  3.542847E+02
        33  3.586112E+02
        34  3.668838E+02
        35  3.638439E+02
        36  3.676912E+02
        37  3.638243E+02
        38  3.671708E+02
        39  3.619327E+02
        40  3.672187E+02
        41  3.620184E+02
        42  3.669568E+02
        43  3.620325E+02
        44  3.672820E+02
        45  3.641963E+02
        46  3.673737E+02
        47  3.573358E+02
        48  3.574007E+02
        49  3.593394E+02
        50  3.598641E+02
        51  3.548120E+02
        52  3.604217E+02
        53  3.602944E+02
        54  3.540355E+02
        55  3.543002E+02
        56  3.536682E+02
        57  3.617237E+02
        58  3.540438E+02
        59  3.634933E+02
        60  3.633214E+02
        61  3.531923E+02
        62  3.532222E+02
        63  3.566693E+02
        64  3.561187E+02
        65  3.590826E+02
        66  3.546488E+02
        67  3.582070E+02
        68  3.549923E+02
        69  3.588484E+02
        70  3.547830E+02
        71  3.582132E+02
        72  3.585841E+02
        73  3.583018E+02
        74  3.548464E+02
        75  3.585736E+02
        76  3.548098E+02
        77  3.610915E+02
        78  3.539553E+02
        79  3.598121E+02
        80  3.536997E+02
        81  3.608819E+02
        82  3.533986E+02
        83  3.533485E+02
        84  3.539276E+02
        85  3.609452E+02
        86  3.537714E+02
        87  3.534723E+02
        88  3.640688E+02
        89  3.535279E+02
        90  3.632229E+02
        91  3.531809E+02
        92  3.600696E+02
        93  3.592914E+02
        94  3.523640E+02
        95  3.519711E+02
        96  3.521813E+02
        97  3.522701E+02
        98  3.519989E+02
        99  3.525407E+02
       100  3.523102E+02
       101  3.730000E+02
       102  3.730000E+02
       103  3.730000E+02
       104  3.730000E+02
       105  3.730000E+02
       106  3.730000E+02
       107  3.730000E+02

                                INCREMENT    20


 temperatures for set N_ALL and time  0.4000000E+02

         1  3.541783E+02
         2  3.680933E+02
         3  3.540123E+02
         4  3.653324E+02
         5  3.540440E+02
         6  3.540608E+02
         7  3.536259E+02
         8  3.535619E+02
         9  3.538524E+02
        10  3.539059E+02
        11  3.560743E+02
        12  3.614073E+02
        13  3.688099E+02
        14  3.682480E+02
        15  3.675929E+02
        16  3.675467E+02
        17  3.677597E+02
        18  3.684011E+02
        19  3.540780E+02
        20  3.539704E+02
        21  3.542716E+02
        22  3.540466E+02
        23  3.540944E+02
        24  3.539931E+02
        25  3.538078E+02
        26  3.538499E+02
        27  3.537259E+02
        28  3.538428E+02
        29  3.541126E+02
        30  3.542417E+02
        31  3.541479E+02
        32  3.557600E+02
        33  3.597455E+02
        34  3.673660E+02
        35  3.645657E+02
        36  3.681095E+02
        37  3.645467E+02
        38  3.676292E+02
        39  3.628025E+02
        40  3.676728E+02
        41  3.628810E+02
        42  3.674316E+02
        43  3.628946E+02
        44  3.677318E+02
        45  3.648895E+02
        46  3.678171E+02
        47  3.585693E+02
        48  3.586302E+02
        49  3.604128E+02
        50  3.608972E+02
        51  3.562411E+02
        52  3.614124E+02
        53  3.612939E+02
        54  3.555275E+02
        55  3.557731E+02
        56  3.551875E+02
        57  3.626097E+02
        58  3.555350E+02
        59  3.642426E+02
        60  3.640836E+02
        61  3.547535E+02
        62  3.547802E+02
        63  3.579562E+02
        64  3.574496E+02
        65  3.601778E+02
        66  3.560909E+02
        67  3.593689E+02
        68  3.564110E+02
        69  3.599618E+02
        70  3.562152E+02
        71  3.593747E+02
        72  3.597177E+02
        73  3.594566E+02
        74  3.562759E+02
        75  3.597100E+02
        76  3.562438E+02
        77  3.620303E+02
        78  3.554554E+02
        79  3.608509E+02
        80  3.552185E+02
        81  3.618342E+02
        82  3.549383E+02
        83  3.548922E+02
        84  3.554281E+02
        85  3.618929E+02
        86  3.552834E+02
        87  3.550065E+02
        88  3.647730E+02
        89  3.550630E+02
        90  3.639935E+02
        91  3.547429E+02
        92  3.610887E+02
        93  3.603707E+02
        94  3.539874E+02
        95  3.536234E+02
        96  3.538214E+02
        97  3.539043E+02
        98  3.536488E+02
        99  3.541521E+02
       100  3.539374E+02
       101  3.730000E+02
       102  3.730000E+02
       103  3.730000E+02
       104  3.730000E+02
       105  3.730000E+02
       106  3.730000E+02
       107  3.730000E+02

                                INCREMENT    21


 temperatures for set N_ALL and time  0.4200000E+02

         1  3.556615E+02
         2  3.684801E+02
         3  3.555088E+02
         4  3.659369E+02
         5  3.555376E+02
         6  3.555515E+02
         7  3.551489E+02
         8  3.550892E+02
         9  3.553579E+02
        10  3.554090E+02
        11  3.574081E+02
        12  3.623208E+02
        13  3.691401E+02
        14  3.686220E+02
        15  3.680180E+02
        16  3.679752E+02
        17  3.681717E+02
        18  3.687633E+02
        19  3.555695E+02
        20  3.554700E+02
        21  3.557467E+02
        22  3.555384E+02
        23  3.555813E+02
        24  3.554871E+02
        25  3.553158E+02
        26  3.553543E+02
        27  3.552404E+02
        28  3.553488E+02
        29  3.555984E+02
        30  3.557185E+02
        31  3.556331E+02
        32  3.571188E+02
        33  3.607902E+02
        34  3.678102E+02
        35  3.652305E+02
        36  3.684947E+02
        37  3.652122E+02
        38  3.680516E+02
        39  3.636040E+02
        40  3.680914E+02
        41  3.636759E+02
        42  3.678691E+02
        43  3.636890E+02
        44  3.681463E+02
        45  3.655281E+02
        46  3.682255E+02
        47  3.597056E+02
        48  3.597626E+02
        49  3.614020E+02
        50  3.618491E+02
        51  3.575580E+02
        52  3.623250E+02
        53  3.622148E+02
        54  3.569021E+02
        55  3.571299E+02
        56  3.565875E+02
        57  3.634262E+02
        58  3.569090E+02
        59  3.649327E+02
        60  3.647858E+02
        61  3.561915E+02
        62  3.562154E+02
        63  3.591416E+02
        64  3.586754E+02
        65  3.611868E+02
        66  3.574198E+02
        67  3.604398E+02
        68  3.577178E+02
        69  3.609877E+02
        70  3.575349E+02
        71  3.604452E+02
        72  3.607622E+02
        73  3.605209E+02
        74  3.575926E+02
        75  3.607567E+02
        76  3.575645E+02
        77  3.628950E+02
        78  3.568372E+02
        79  3.618078E+02
        80  3.566178E+02
        81  3.627118E+02
        82  3.563573E+02
        83  3.563148E+02
        84  3.568106E+02
        85  3.627662E+02
        86  3.566767E+02
        87  3.564205E+02
        88  3.654215E+02
        89  3.564769E+02
        90  3.647032E+02
        91  3.561815E+02
        92  3.620273E+02
        93  3.613649E+02
        94  3.554831E+02
        95  3.551461E+02
        96  3.553322E+02
        97  3.554093E+02
        98  3.551694E+02
        99  3.556365E+02
       100  3.554367E+02
       101  3.730000E+02
       102  3.730000E+02
       103  3.730000E+02
       104  3.730000E+02
       105  3.730000E+02
       106  3.730000E+02
       107  3.730000E+02

                                INCREMENT    22


 temperatures for set N_ALL and time  0.4400000E+02

         1  3.570277E+02
         2  3.688362E+02
         3  3.568872E+02
         4  3.664936E+02
         5  3.569133E+02
         6  3.569248E+02
         7  3.565523E+02
         8  3.564968E+02
         9  3.567451E+02
        10  3.567938E+02
        11  3.586366E+02
        12  3.631623E+02
        13  3.694443E+02
        14  3.689666E+02
        15  3.684096E+02
        16  3.683700E+02
        17  3.685513E+02
        18  3.690970E+02
        19  3.569432E+02
        20  3.568513E+02
        21  3.571054E+02
        22  3.569127E+02
        23  3.569514E+02
        24  3.568637E+02
        25  3.567054E+02
        26  3.567408E+02
        27  3.566361E+02
        28  3.567365E+02
        29  3.569674E+02
        30  3.570790E+02
        31  3.570011E+02
        32  3.583704E+02
        33  3.617524E+02
        34  3.682192E+02
        35  3.658427E+02
        36  3.688495E+02
        37  3.658252E+02
        38  3.684408E+02
        39  3.643426E+02
        40  3.684771E+02
        41  3.644085E+02
        42  3.682723E+02
        43  3.644210E+02
        44  3.685281E+02
        45  3.661164E+02
        46  3.686016E+02
        47  3.607524E+02
        48  3.608056E+02
        49  3.623136E+02
        50  3.627262E+02
        51  3.587716E+02
        52  3.631656E+02
        53  3.630633E+02
        54  3.581686E+02
        55  3.583797E+02
        56  3.578776E+02
        57  3.641787E+02
        58  3.581750E+02
        59  3.655683E+02
        60  3.654326E+02
        61  3.575160E+02
        62  3.575373E+02
        63  3.602334E+02
        64  3.598044E+02
        65  3.621164E+02
        66  3.586444E+02
        67  3.614267E+02
        68  3.589215E+02
        69  3.619328E+02
        70  3.587510E+02
        71  3.614317E+02
        72  3.617246E+02
        73  3.615016E+02
        74  3.588057E+02
        75  3.617209E+02
        76  3.587810E+02
        77  3.636913E+02
        78  3.581101E+02
        79  3.626893E+02
        80  3.579070E+02
        81  3.635205E+02
        82  3.576650E+02
        83  3.576258E+02
        84  3.580844E+02
        85  3.635708E+02
        86  3.579604E+02
        87  3.577234E+02
        88  3.660189E+02
        89  3.577792E+02
        90  3.653569E+02
        91  3.575067E+02
        92  3.628918E+02
        93  3.622808E+02
        94  3.568612E+02
        95  3.565493E+02
        96  3.567239E+02
        97  3.567956E+02
        98  3.565707E+02
        99  3.570039E+02
       100  3.568181E+02
       101  3.730000E+02
       102  3.730000E+02
       103  3.730000E+02
       104  3.730000E+02
       105  3.730000E+02
       106  3.730000E+02
       107  3.730000E+02

                                INCREMENT    23


 temperatures for set N_ALL and time  0.4600000E+02

         1  3.582860E+02
         2  3.691643E+02
         3  3.581568E+02
         4  3.670063E+02
         5  3.581806E+02
         6  3.581900E+02
         7  3.578455E+02
         8  3.577938E+02
         9  3.580233E+02
        10  3.580695E+02
        11  3.597682E+02
        12  3.639374E+02
        13  3.697245E+02
        14  3.692841E+02
        15  3.687705E+02
        16  3.687339E+02
        17  3.689011E+02
        18  3.694044E+02
        19  3.582085E+02
        20  3.581236E+02
        21  3.583571E+02
        22  3.581788E+02
        23  3.582137E+02
        24  3.581323E+02
        25  3.579860E+02
        26  3.580184E+02
        27  3.579223E+02
        28  3.580153E+02
        29  3.582287E+02
        30  3.583323E+02
        31  3.582613E+02
        32  3.595231E+02
        33  3.626387E+02
        34  3.685960E+02
        35  3.664067E+02
        36  3.691764E+02
        37  3.663900E+02
        38  3.687994E+02
        39  3.650232E+02
        40  3.688325E+02
        41  3.650836E+02
        42  3.686439E+02
        43  3.650956E+02
        44  3.688799E+02
        45  3.666583E+02
        46  3.689481E+02
        47  3.617167E+02
        48  3.617664E+02
        49  3.631536E+02
        50  3.635343E+02
        51  3.598899E+02
        52  3.639400E+02
        53  3.638450E+02
        54  3.593355E+02
        55  3.595311E+02
        56  3.590665E+02
        57  3.648720E+02
        58  3.593413E+02
        59  3.661538E+02
        60  3.660284E+02
        61  3.587360E+02
        62  3.587551E+02
        63  3.612391E+02
        64  3.608443E+02
        65  3.629728E+02
        66  3.597729E+02
        67  3.623361E+02
        68  3.600303E+02
        69  3.628035E+02
        70  3.598714E+02
        71  3.623408E+02
        72  3.626114E+02
        73  3.624053E+02
        74  3.599232E+02
        75  3.626091E+02
        76  3.599014E+02
        77  3.644249E+02
        78  3.592827E+02
        79  3.635013E+02
        80  3.590947E+02
        81  3.642657E+02
        82  3.588701E+02
        83  3.588340E+02
        84  3.592579E+02
        85  3.643123E+02
        86  3.591433E+02
        87  3.589242E+02
        88  3.665690E+02
        89  3.589786E+02
        90  3.659591E+02
        91  3.587273E+02
        92  3.636881E+02
        93  3.631246E+02
        94  3.581309E+02
        95  3.578424E+02
        96  3.580058E+02
        97  3.580724E+02
        98  3.578619E+02
        99  3.582635E+02
       100  3.580909E+02
       101  3.730000E+02
       102  3.730000E+02
       103  3.730000E+02
       104  3.730000E+02
       105  3.730000E+02
       106  3.730000E+02
       107  3.730000E+02

                                INCREMENT    24


 temperatures for set N_ALL and time  0.4800000E+02

         1  3.594451E+02
         2  3.694665E+02
         3  3.593263E+02
         4  3.674786E+02
         5  3.593478E+02
         6  3.593556E+02
         7  3.590371E+02
         8  3.589891E+02
         9  3.592011E+02
        10  3.592447E+02
        11  3.608105E+02
        12  3.646513E+02
        13  3.699826E+02
        14  3.695765E+02
        15  3.691031E+02
        16  3.690692E+02
        17  3.692234E+02
        18  3.696875E+02
        19  3.593739E+02
        20  3.592955E+02
        21  3.595101E+02
        22  3.593453E+02
        23  3.593768E+02
        24  3.593012E+02
        25  3.591661E+02
        26  3.591959E+02
        27  3.591075E+02
        28  3.591936E+02
        29  3.593909E+02
        30  3.594869E+02
        31  3.594221E+02
        32  3.605849E+02
        33  3.634550E+02
        34  3.689430E+02
        35  3.669261E+02
        36  3.694775E+02
        37  3.669103E+02
        38  3.691299E+02
        39  3.656504E+02
        40  3.691600E+02
        41  3.657058E+02
        42  3.689863E+02
        43  3.657171E+02
        44  3.692041E+02
        45  3.671575E+02
        46  3.692673E+02
        47  3.626050E+02
        48  3.626513E+02
        49  3.639276E+02
        50  3.642788E+02
        51  3.609205E+02
        52  3.646533E+02
        53  3.645653E+02
        54  3.604106E+02
        55  3.605916E+02
        56  3.601619E+02
        57  3.655110E+02
        58  3.604159E+02
        59  3.666931E+02
        60  3.665773E+02
        61  3.598597E+02
        62  3.598769E+02
        63  3.621655E+02
        64  3.618021E+02
        65  3.637619E+02
        66  3.608128E+02
        67  3.631742E+02
        68  3.610517E+02
        69  3.636058E+02
        70  3.609039E+02
        71  3.631785E+02
        72  3.634285E+02
        73  3.632381E+02
        74  3.609526E+02
        75  3.634273E+02
        76  3.609334E+02
        77  3.651005E+02
        78  3.603629E+02
        79  3.642492E+02
        80  3.601889E+02
        81  3.649523E+02
        82  3.599806E+02
        83  3.599474E+02
        84  3.603391E+02
        85  3.649954E+02
        86  3.602332E+02
        87  3.600306E+02
        88  3.670757E+02
        89  3.600834E+02
        90  3.665137E+02
        91  3.598516E+02
        92  3.644216E+02
        93  3.639019E+02
        94  3.593007E+02
        95  3.590339E+02
        96  3.591867E+02
        97  3.592485E+02
        98  3.590519E+02
        99  3.594239E+02
       100  3.592637E+02
       101  3.730000E+02
       102  3.730000E+02
       103  3.730000E+02
       104  3.730000E+02
       105  3.730000E+02
       106  3.730000E+02
       107  3.730000E+02

                                INCREMENT    25


 temperatures for set N_ALL and time  0.5000000E+02

         1  3.605128E+02
         2  3.697448E+02
         3  3.604034E+02
         4  3.679136E+02
         5  3.604231E+02
         6  3.604294E+02
         7  3.601350E+02
         8  3.600905E+02
         9  3.602863E+02
        10  3.603274E+02
        11  3.617707E+02
        12  3.653089E+02
        13  3.702203E+02
        14  3.698460E+02
        15  3.694095E+02
        16  3.693782E+02
        17  3.695204E+02
        18  3.699483E+02
        19  3.604474E+02
        20  3.603750E+02
        21  3.605723E+02
        22  3.604199E+02
        23  3.604484E+02
        24  3.603783E+02
        25  3.602536E+02
        26  3.602809E+02
        27  3.601996E+02
        28  3.602793E+02
        29  3.604616E+02
        30  3.605506E+02
        31  3.604914E+02
        32  3.615629E+02
        33  3.642070E+02
        34  3.692626E+02
        35  3.674046E+02
        36  3.697549E+02
        37  3.673897E+02
        38  3.694343E+02
        39  3.662282E+02
        40  3.694619E+02
        41  3.662791E+02
        42  3.693018E+02
        43  3.662898E+02
        44  3.695027E+02
        45  3.676175E+02
        46  3.695612E+02
        47  3.634234E+02
        48  3.634664E+02
        49  3.646409E+02
        50  3.649648E+02
        51  3.618701E+02
        52  3.653105E+02
        53  3.652289E+02
        54  3.614011E+02
        55  3.615686E+02
        56  3.611713E+02
        57  3.660997E+02
        58  3.614060E+02
        59  3.671899E+02
        60  3.670830E+02
        61  3.608948E+02
        62  3.609102E+02
        63  3.630188E+02
        64  3.626843E+02
        65  3.644888E+02
        66  3.617710E+02
        67  3.639465E+02
        68  3.619926E+02
        69  3.643449E+02
        70  3.618552E+02
        71  3.639505E+02
        72  3.641813E+02
        73  3.640055E+02
        74  3.619010E+02
        75  3.641810E+02
        76  3.618840E+02
        77  3.657228E+02
        78  3.613579E+02
        79  3.649383E+02
        80  3.611971E+02
        81  3.655851E+02
        82  3.610039E+02
        83  3.609734E+02
        84  3.613353E+02
        85  3.656249E+02
        86  3.612373E+02
        87  3.610502E+02
        88  3.675425E+02
        89  3.611010E+02
        90  3.670246E+02
        91  3.608872E+02
        92  3.650973E+02
        93  3.646180E+02
        94  3.603785E+02
        95  3.601319E+02
        96  3.602744E+02
        97  3.603318E+02
        98  3.601484E+02
        99  3.604928E+02
       100  3.603442E+02
       101  3.730000E+02
       102  3.730000E+02
       103  3.730000E+02
       104  3.730000E+02
       105  3.730000E+02
       106  3.730000E+02
       107  3.730000E+02

                                INCREMENT    26


 temperatures for set N_ALL and time  0.5200000E+02

         1  3.614963E+02
         2  3.700012E+02
         3  3.613957E+02
         4  3.683143E+02
         5  3.614136E+02
         6  3.614187E+02
         7  3.611467E+02
         8  3.611054E+02
         9  3.612862E+02
        10  3.613249E+02
        11  3.626551E+02
        12  3.659146E+02
        13  3.704392E+02
        14  3.700942E+02
        15  3.696918E+02
        16  3.696629E+02
        17  3.697940E+02
        18  3.701886E+02
        19  3.614362E+02
        20  3.613693E+02
        21  3.615508E+02
        22  3.614100E+02
        23  3.614358E+02
        24  3.613708E+02
        25  3.612556E+02
        26  3.612807E+02
        27  3.612060E+02
        28  3.612797E+02
        29  3.614480E+02
        30  3.615306E+02
        31  3.614764E+02
        32  3.624638E+02
        33  3.648996E+02
        34  3.695570E+02
        35  3.678453E+02
        36  3.700104E+02
        37  3.678313E+02
        38  3.697148E+02
        39  3.667607E+02
        40  3.697400E+02
        41  3.668074E+02
        42  3.695925E+02
        43  3.668175E+02
        44  3.697779E+02
        45  3.680412E+02
        46  3.698321E+02
        47  3.641773E+02
        48  3.642173E+02
        49  3.652981E+02
        50  3.655969E+02
        51  3.627451E+02
        52  3.659159E+02
        53  3.658403E+02
        54  3.623137E+02
        55  3.624687E+02
        56  3.621015E+02
        57  3.666422E+02
        58  3.623182E+02
        59  3.676475E+02
        60  3.675488E+02
        61  3.618482E+02
        62  3.618622E+02
        63  3.638049E+02
        64  3.634969E+02
        65  3.651585E+02
        66  3.626539E+02
        67  3.646582E+02
        68  3.628594E+02
        69  3.650259E+02
        70  3.627317E+02
        71  3.646619E+02
        72  3.648750E+02
        73  3.647126E+02
        74  3.627747E+02
        75  3.648754E+02
        76  3.627597E+02
        77  3.662960E+02
        78  3.622745E+02
        79  3.655730E+02
        80  3.621259E+02
        81  3.661681E+02
        82  3.619470E+02
        83  3.619188E+02
        84  3.622531E+02
        85  3.662050E+02
        86  3.621626E+02
        87  3.619897E+02
        88  3.679724E+02
        89  3.620383E+02
        90  3.674952E+02
        91  3.618412E+02
        92  3.657197E+02
        93  3.652778E+02
        94  3.613716E+02
        95  3.611436E+02
        96  3.612765E+02
        97  3.613297E+02
        98  3.611588E+02
        99  3.614775E+02
       100  3.613398E+02
       101  3.730000E+02
       102  3.730000E+02
       103  3.730000E+02
       104  3.730000E+02
       105  3.730000E+02
       106  3.730000E+02
       107  3.730000E+02

                                INCREMENT    27


 temperatures for set N_ALL and time  0.5400000E+02

         1  3.624023E+02
         2  3.702374E+02
         3  3.623096E+02
         4  3.686834E+02
         5  3.623260E+02
         6  3.623302E+02
         7  3.620789E+02
         8  3.620406E+02
         9  3.622075E+02
        10  3.622438E+02
        11  3.634698E+02
        12  3.664726E+02
        13  3.706409E+02
        14  3.703229E+02
        15  3.699520E+02
        16  3.699253E+02
        17  3.700461E+02
        18  3.704100E+02
        19  3.623471E+02
        20  3.622853E+02
        21  3.624522E+02
        22  3.623221E+02
        23  3.623455E+02
        24  3.622853E+02
        25  3.621790E+02
        26  3.622020E+02
        27  3.621333E+02
        28  3.622014E+02
        29  3.623569E+02
        30  3.624334E+02
        31  3.623838E+02
        32  3.632936E+02
        33  3.655376E+02
        34  3.698282E+02
        35  3.682513E+02
        36  3.702458E+02
        37  3.682381E+02
        38  3.699732E+02
        39  3.672513E+02
        40  3.699963E+02
        41  3.672942E+02
        42  3.698604E+02
        43  3.673037E+02
        44  3.700314E+02
        45  3.684315E+02
        46  3.700815E+02
        47  3.648718E+02
        48  3.649090E+02
        49  3.659037E+02
        50  3.661793E+02
        51  3.635514E+02
        52  3.664736E+02
        53  3.664036E+02
        54  3.631545E+02
        55  3.632978E+02
        56  3.629585E+02
        57  3.671421E+02
        58  3.631586E+02
        59  3.680690E+02
        60  3.679779E+02
        61  3.627265E+02
        62  3.627391E+02
        63  3.645290E+02
        64  3.642454E+02
        65  3.657756E+02
        66  3.634675E+02
        67  3.653140E+02
        68  3.636578E+02
        69  3.656534E+02
        70  3.635393E+02
        71  3.653174E+02
        72  3.655141E+02
        73  3.653642E+02
        74  3.635796E+02
        75  3.655150E+02
        76  3.635662E+02
        77  3.668241E+02
        78  3.631190E+02
        79  3.661577E+02
        80  3.629816E+02
        81  3.667053E+02
        82  3.628159E+02
        83  3.627900E+02
        84  3.630987E+02
        85  3.667394E+02
        86  3.630151E+02
        87  3.628554E+02
        88  3.683684E+02
        89  3.629017E+02
        90  3.679288E+02
        91  3.627200E+02
        92  3.662930E+02
        93  3.658856E+02
        94  3.622865E+02
        95  3.620759E+02
        96  3.621996E+02
        97  3.622488E+02
        98  3.620898E+02
        99  3.623847E+02
       100  3.622571E+02
       101  3.730000E+02
       102  3.730000E+02
       103  3.730000E+02
       104  3.730000E+02
       105  3.730000E+02
       106  3.730000E+02
       107  3.730000E+02

                                INCREMENT    28


 temperatures for set N_ALL and time  0.5600000E+02

         1  3.632368E+02
         2  3.704550E+02
         3  3.631516E+02
         4  3.690234E+02
         5  3.631665E+02
         6  3.631699E+02
         7  3.629378E+02
         8  3.629023E+02
         9  3.630564E+02
        10  3.630904E+02
        11  3.642203E+02
        12  3.669867E+02
        13  3.708267E+02
        14  3.705336E+02
        15  3.701917E+02
        16  3.701671E+02
        17  3.702785E+02
        18  3.706139E+02
        19  3.631861E+02
        20  3.631291E+02
        21  3.632826E+02
        22  3.631624E+02
        23  3.631837E+02
        24  3.631279E+02
        25  3.630298E+02
        26  3.630510E+02
        27  3.629878E+02
        28  3.630507E+02
        29  3.631943E+02
        30  3.632651E+02
        31  3.632197E+02
        32  3.640581E+02
        33  3.661253E+02
        34  3.700780E+02
        35  3.686253E+02
        36  3.704626E+02
        37  3.686129E+02
        38  3.702113E+02
        39  3.677034E+02
        40  3.702324E+02
        41  3.677428E+02
        42  3.701073E+02
        43  3.677517E+02
        44  3.702649E+02
        45  3.687911E+02
        46  3.703113E+02
        47  3.655116E+02
        48  3.655461E+02
        49  3.664617E+02
        50  3.667159E+02
        51  3.642944E+02
        52  3.669873E+02
        53  3.669226E+02
        54  3.639292E+02
        55  3.640616E+02
        56  3.637482E+02
        57  3.676028E+02
        58  3.639329E+02
        59  3.684573E+02
        60  3.683732E+02
        61  3.635356E+02
        62  3.635469E+02
        63  3.651960E+02
        64  3.649349E+02
        65  3.663441E+02
        66  3.642171E+02
        67  3.659183E+02
        68  3.643933E+02
        69  3.662314E+02
        70  3.642835E+02
        71  3.659214E+02
        72  3.661029E+02
        73  3.659647E+02
        74  3.643211E+02
        75  3.661043E+02
        76  3.643092E+02
        77  3.673105E+02
        78  3.638969E+02
        79  3.666964E+02
        80  3.637700E+02
        81  3.672004E+02
        82  3.636166E+02
        83  3.635927E+02
        84  3.638778E+02
        85  3.672318E+02
        86  3.638005E+02
        87  3.636531E+02
        88  3.687332E+02
        89  3.636971E+02
        90  3.683281E+02
        91  3.635295E+02
        92  3.668212E+02
        93  3.664455E+02
        94  3.631294E+02
        95  3.629349E+02
        96  3.630499E+02
        97  3.630955E+02
        98  3.629477E+02
        99  3.632204E+02
       100  3.631022E+02
       101  3.730000E+02
       102  3.730000E+02
       103  3.730000E+02
       104  3.730000E+02
       105  3.730000E+02
       106  3.730000E+02
       107  3.730000E+02

                                INCREMENT    29


 temperatures for set N_ALL and time  0.5800000E+02

         1  3.640056E+02
         2  3.706554E+02
         3  3.639271E+02
         4  3.693366E+02
         5  3.639407E+02
         6  3.639435E+02
         7  3.637292E+02
         8  3.636964E+02
         9  3.638385E+02
        10  3.638703E+02
        11  3.649116E+02
        12  3.674602E+02
        13  3.709979E+02
        14  3.707277E+02
        15  3.704126E+02
        16  3.703898E+02
        17  3.704925E+02
        18  3.708017E+02
        19  3.639589E+02
        20  3.639064E+02
        21  3.640476E+02
        22  3.639366E+02
        23  3.639559E+02
        24  3.639044E+02
        25  3.638138E+02
        26  3.638333E+02
        27  3.637751E+02
        28  3.638333E+02
        29  3.639658E+02
        30  3.640313E+02
        31  3.639897E+02
        32  3.647622E+02
        33  3.666667E+02
        34  3.703082E+02
        35  3.689698E+02
        36  3.706624E+02
        37  3.689582E+02
        38  3.704307E+02
        39  3.681200E+02
        40  3.704501E+02
        41  3.681561E+02
        42  3.703348E+02
        43  3.681645E+02
        44  3.704801E+02
        45  3.691224E+02
        46  3.705230E+02
        47  3.661010E+02
        48  3.661331E+02
        49  3.669759E+02
        50  3.672102E+02
        51  3.649790E+02
        52  3.674607E+02
        53  3.674008E+02
        54  3.646429E+02
        55  3.647652E+02
        56  3.644758E+02
        57  3.680272E+02
        58  3.646463E+02
        59  3.688150E+02
        60  3.687374E+02
        61  3.642808E+02
        62  3.642911E+02
        63  3.658105E+02
        64  3.655701E+02
        65  3.668678E+02
        66  3.649078E+02
        67  3.664751E+02
        68  3.650709E+02
        69  3.667640E+02
        70  3.649691E+02
        71  3.664780E+02
        72  3.666455E+02
        73  3.665179E+02
        74  3.650042E+02
        75  3.666471E+02
        76  3.649936E+02
        77  3.677585E+02
        78  3.646135E+02
        79  3.671926E+02
        80  3.644963E+02
        81  3.676565E+02
        82  3.643544E+02
        83  3.643324E+02
        84  3.645955E+02
        85  3.676855E+02
        86  3.645242E+02
        87  3.643881E+02
        88  3.690693E+02
        89  3.644297E+02
        90  3.686960E+02
        91  3.642752E+02
        92  3.673077E+02
        93  3.669614E+02
        94  3.639060E+02
        95  3.637264E+02
        96  3.638333E+02
        97  3.638755E+02
        98  3.637381E+02
        99  3.639902E+02
       100  3.638809E+02
       101  3.730000E+02
       102  3.730000E+02
       103  3.730000E+02
       104  3.730000E+02
       105  3.730000E+02
       106  3.730000E+02
       107  3.730000E+02

                                INCREMENT    30


 temperatures for set N_ALL and time  0.6000000E+02

         1  3.647138E+02
         2  3.708400E+02
         3  3.646416E+02
         4  3.696251E+02
         5  3.646540E+02
         6  3.646562E+02
         7  3.644584E+02
         8  3.644280E+02
         9  3.645592E+02
        10  3.645889E+02
        11  3.655485E+02
        12  3.678964E+02
        13  3.711555E+02
        14  3.709065E+02
        15  3.706161E+02
        16  3.705951E+02
        17  3.706897E+02
        18  3.709748E+02
        19  3.646709E+02
        20  3.646224E+02
        21  3.647523E+02
        22  3.646499E+02
        23  3.646674E+02
        24  3.646197E+02
        25  3.645362E+02
        26  3.645541E+02
        27  3.645006E+02
        28  3.645543E+02
        29  3.646766E+02
        30  3.647372E+02
        31  3.646991E+02
        32  3.654109E+02
        33  3.671654E+02
        34  3.705201E+02
        35  3.692871E+02
        36  3.708464E+02
        37  3.692763E+02
        38  3.706328E+02
        39  3.685038E+02
        40  3.706506E+02
        41  3.685370E+02
        42  3.705444E+02
        43  3.685448E+02
        44  3.706784E+02
        45  3.694276E+02
        46  3.707180E+02
        47  3.666441E+02
        48  3.666738E+02
        49  3.674497E+02
        50  3.676657E+02
        51  3.656098E+02
        52  3.678967E+02
        53  3.678413E+02
        54  3.653005E+02
        55  3.654135E+02
        56  3.651462E+02
        57  3.684183E+02
        58  3.653036E+02
        59  3.691445E+02
        60  3.690730E+02
        61  3.649674E+02
        62  3.649767E+02
        63  3.663766E+02
        64  3.661552E+02
        65  3.673504E+02
        66  3.655443E+02
        67  3.669882E+02
        68  3.656951E+02
        69  3.672547E+02
        70  3.656008E+02
        71  3.669909E+02
        72  3.671454E+02
        73  3.670276E+02
        74  3.656335E+02
        75  3.671472E+02
        76  3.656241E+02
        77  3.681713E+02
        78  3.652737E+02
        79  3.676498E+02
        80  3.651655E+02
        81  3.680767E+02
        82  3.650343E+02
        83  3.650140E+02
        84  3.652568E+02
        85  3.681035E+02
        86  3.651910E+02
        87  3.650654E+02
        88  3.693788E+02
        89  3.651046E+02
        90  3.690349E+02
        91  3.649622E+02
        92  3.677559E+02
        93  3.674366E+02
        94  3.646216E+02
        95  3.644557E+02
        96  3.645550E+02
        97  3.645940E+02
        98  3.644665E+02
        99  3.646994E+02
       100  3.645983E+02
       101  3.730000E+02
       102  3.730000E+02
       103  3.730000E+02
       104  3.730000E+02
       105  3.730000E+02
       106  3.730000E+02
       107  3.730000E+02
