
                        S T E P       1


                                INCREMENT     1


 temperatures for set N_ALL and time  0.2000000E+01

         1  3.397312E+02
         2  3.351530E+02
         3  3.394294E+02
         4  3.480844E+02
         5  3.386885E+02
         6  3.437143E+02
         7  3.344559E+02
         8  3.507345E+02
         9  3.385041E+02
        10  3.429019E+02
        11  3.406609E+02
        12  3.488478E+02
        13  3.372168E+02
        14  3.373809E+02
        15  3.384459E+02
        16  3.396247E+02
        17  3.511482E+02
        18  3.485840E+02
        19  3.464326E+02
        20  3.533479E+02
        21  3.373199E+02
        22  3.554776E+02
        23  3.344886E+02
        24  3.351084E+02
        25  3.494285E+02
        26  3.477059E+02
        27  3.384768E+02
        28  3.383629E+02
        29  3.464005E+02
        30  3.501303E+02
        31  3.391550E+02
        32  3.555808E+02
        33  3.388670E+02
        34  3.368948E+02
        35  3.379174E+02
        36  3.380729E+02
        37  3.557558E+02
        38  3.479844E+02
        39  3.490873E+02
        40  3.495331E+02
        41  3.412885E+02
        42  3.453831E+02
        43  3.437997E+02
        44  3.395291E+02
        45  3.395618E+02
        46  3.443809E+02
        47  3.455514E+02
        48  3.435617E+02
        49  3.445911E+02
        50  3.410549E+02
        51  3.413575E+02
        52  3.415794E+02
        53  3.404852E+02
        54  3.459058E+02
        55  3.445091E+02
        56  3.462087E+02
        57  3.399238E+02
        58  3.404343E+02
        59  3.418790E+02
        60  3.474089E+02
        61  3.730000E+02
        62  3.730000E+02
        63  3.730000E+02
        64  3.730000E+02
        65  3.730000E+02
        66  3.730000E+02
        67  3.730000E+02
        68  3.730000E+02
        69  3.730000E+02
        70  3.730000E+02
        71  3.730000E+02
        72  3.445218E+02
        73  3.460164E+02
        74  3.451620E+02
        75  3.445188E+02
        76  3.434921E+02
        77  3.449564E+02
        78  3.431884E+02
        79  3.428207E+02
        80  3.415428E+02
        81  3.431258E+02
        82  3.403103E+02

                                INCREMENT     2


 temperatures for set N_ALL and time  0.4000000E+01

         1  3.599121E+02
         2  3.577330E+02
         3  3.603647E+02
         4  3.641552E+02
         5  3.597318E+02
         6  3.621177E+02
         7  3.581263E+02
         8  3.646981E+02
         9  3.598771E+02
        10  3.619202E+02
        11  3.612293E+02
        12  3.647235E+02
        13  3.589789E+02
        14  3.592587E+02
        15  3.597845E+02
        16  3.603810E+02
        17  3.647066E+02
        18  3.638637E+02
        19  3.631118E+02
        20  3.659162E+02
        21  3.594698E+02
        22  3.667401E+02
        23  3.580457E+02
        24  3.582768E+02
        25  3.641325E+02
        26  3.634660E+02
        27  3.597275E+02
        28  3.598501E+02
        29  3.630504E+02
        30  3.645105E+02
        31  3.604709E+02
        32  3.669190E+02
        33  3.604513E+02
        34  3.592640E+02
        35  3.594324E+02
        36  3.592594E+02
        37  3.669812E+02
        38  3.637647E+02
        39  3.640574E+02
        40  3.640679E+02
        41  3.608549E+02
        42  3.628059E+02
        43  3.620870E+02
        44  3.602914E+02
        45  3.598174E+02
        46  3.622189E+02
        47  3.628694E+02
        48  3.617345E+02
        49  3.620974E+02
        50  3.607186E+02
        51  3.609408E+02
        52  3.612137E+02
        53  3.607435E+02
        54  3.632979E+02
        55  3.624406E+02
        56  3.631684E+02
        57  3.604426E+02
        58  3.601202E+02
        59  3.610453E+02
        60  3.638519E+02
        61  3.730000E+02
        62  3.730000E+02
        63  3.730000E+02
        64  3.730000E+02
        65  3.730000E+02
        66  3.730000E+02
        67  3.730000E+02
        68  3.730000E+02
        69  3.730000E+02
        70  3.730000E+02
        71  3.730000E+02
        72  3.619771E+02
        73  3.626431E+02
        74  3.624114E+02
        75  3.619678E+02
        76  3.615904E+02
        77  3.621139E+02
        78  3.619250E+02
        79  3.613453E+02
        80  3.606459E+02
        81  3.617228E+02
        82  3.605789E+02

                                INCREMENT     3


 temperatures for set N_ALL and time  0.6000000E+01

         1  3.678881E+02
         2  3.670219E+02
         3  3.682479E+02
         4  3.697012E+02
         5  3.679379E+02
         6  3.688696E+02
         7  3.672950E+02
         8  3.698293E+02
         9  3.680852E+02
        10  3.688676E+02
        11  3.686816E+02
        12  3.699912E+02
        13  3.675565E+02
        14  3.677228E+02
        15  3.679577E+02
        16  3.682248E+02
        17  3.697903E+02
        18  3.695068E+02
        19  3.692405E+02
        20  3.703333E+02
        21  3.678713E+02
        22  3.706505E+02
        23  3.672744E+02
        24  3.673452E+02
        25  3.696089E+02
        26  3.693489E+02
        27  3.679518E+02
        28  3.680458E+02
        29  3.692196E+02
        30  3.697990E+02
        31  3.683498E+02
        32  3.707674E+02
        33  3.683414E+02
        34  3.678036E+02
        35  3.677970E+02
        36  3.676628E+02
        37  3.707713E+02
        38  3.695084E+02
        39  3.695900E+02
        40  3.695444E+02
        41  3.683138E+02
        42  3.691685E+02
        43  3.688658E+02
        44  3.681435E+02
        45  3.678587E+02
        46  3.689072E+02
        47  3.691912E+02
        48  3.686997E+02
        49  3.688188E+02
        50  3.682902E+02
        51  3.683996E+02
        52  3.685808E+02
        53  3.683640E+02
        54  3.694363E+02
        55  3.690672E+02
        56  3.693242E+02
        57  3.682184E+02
        58  3.679751E+02
        59  3.683898E+02
        60  3.696396E+02
        61  3.730000E+02
        62  3.730000E+02
        63  3.730000E+02
        64  3.730000E+02
        65  3.730000E+02
        66  3.730000E+02
        67  3.730000E+02
        68  3.730000E+02
        69  3.730000E+02
        70  3.730000E+02
        71  3.730000E+02
        72  3.687500E+02
        73  3.690423E+02
        74  3.689982E+02
        75  3.687625E+02
        76  3.686394E+02
        77  3.688014E+02
        78  3.688791E+02
        79  3.685537E+02
        80  3.682003E+02
        81  3.687745E+02
        82  3.682940E+02

                                INCREMENT     4


 temperatures for set N_ALL and time  0.8000000E+01

         1  3.710166E+02
         2  3.706804E+02
         3  3.712014E+02
         4  3.717536E+02
         5  3.710715E+02
         6  3.714274E+02
         7  3.708162E+02
         8  3.717879E+02
         9  3.711587E+02
        10  3.714526E+02
        11  3.713966E+02
        12  3.718851E+02
        13  3.708960E+02
        14  3.709737E+02
        15  3.710732E+02
        16  3.711859E+02
        17  3.717595E+02
        18  3.716599E+02
        19  3.715634E+02
        20  3.719871E+02
        21  3.710516E+02
        22  3.721099E+02
        23  3.708138E+02
        24  3.708347E+02
        25  3.717037E+02
        26  3.716027E+02
        27  3.710829E+02
        28  3.711338E+02
        29  3.715622E+02
        30  3.717911E+02
        31  3.712644E+02
        32  3.721699E+02
        33  3.712564E+02
        34  3.710306E+02
        35  3.710078E+02
        36  3.709383E+02
        37  3.721641E+02
        38  3.716735E+02
        39  3.716969E+02
        40  3.716663E+02
        41  3.711938E+02
        42  3.715487E+02
        43  3.714261E+02
        44  3.711400E+02
        45  3.710076E+02
        46  3.714432E+02
        47  3.715577E+02
        48  3.713600E+02
        49  3.713993E+02
        50  3.711983E+02
        51  3.712465E+02
        52  3.713407E+02
        53  3.712459E+02
        54  3.716754E+02
        55  3.715296E+02
        56  3.716160E+02
        57  3.711771E+02
        58  3.710530E+02
        59  3.712261E+02
        60  3.717493E+02
        61  3.730000E+02
        62  3.730000E+02
        63  3.730000E+02
        64  3.730000E+02
        65  3.730000E+02
        66  3.730000E+02
        67  3.730000E+02
        68  3.730000E+02
        69  3.730000E+02
        70  3.730000E+02
        71  3.730000E+02
        72  3.713670E+02
        73  3.714895E+02
        74  3.714884E+02
        75  3.713765E+02
        76  3.713375E+02
        77  3.713856E+02
        78  3.714585E+02
        79  3.713064E+02
        80  3.711457E+02
        81  3.714152E+02
        82  3.712127E+02

                                INCREMENT     5


 temperatures for set N_ALL and time  0.1000000E+02

         1  3.722340E+02
         2  3.721043E+02
         3  3.723166E+02
         4  3.725267E+02
         5  3.722652E+02
         6  3.724008E+02
         7  3.721653E+02
         8  3.725371E+02
         9  3.723085E+02
        10  3.724189E+02
        11  3.724001E+02
        12  3.725832E+02
        13  3.721894E+02
        14  3.722225E+02
        15  3.722632E+02
        16  3.723091E+02
        17  3.725219E+02
        18  3.724858E+02
        19  3.724503E+02
        20  3.726140E+02
        21  3.722585E+02
        22  3.726617E+02
        23  3.721658E+02
        24  3.721721E+02
        25  3.725049E+02
        26  3.724660E+02
        27  3.722721E+02
        28  3.722960E+02
        29  3.724534E+02
        30  3.725430E+02
        31  3.723492E+02
        32  3.726894E+02
        33  3.723440E+02
        34  3.722524E+02
        35  3.722380E+02
        36  3.722064E+02
        37  3.726848E+02
        38  3.724953E+02
        39  3.725021E+02
        40  3.724869E+02
        41  3.723052E+02
        42  3.724482E+02
        43  3.723995E+02
        44  3.722875E+02
        45  3.722312E+02
        46  3.724072E+02
        47  3.724519E+02
        48  3.723747E+02
        49  3.723881E+02
        50  3.723117E+02
        51  3.723321E+02
        52  3.723757E+02
        53  3.723359E+02
        54  3.725042E+02
        55  3.724483E+02
        56  3.724769E+02
        57  3.723049E+02
        58  3.722489E+02
        59  3.723190E+02
        60  3.725311E+02
        61  3.730000E+02
        62  3.730000E+02
        63  3.730000E+02
        64  3.730000E+02
        65  3.730000E+02
        66  3.730000E+02
        67  3.730000E+02
        68  3.730000E+02
        69  3.730000E+02
        70  3.730000E+02
        71  3.730000E+02
        72  3.723739E+02
        73  3.724234E+02
        74  3.724283E+02
        75  3.723787E+02
        76  3.723665E+02
        77  3.723804E+02
        78  3.724208E+02
        79  3.723546E+02
        80  3.722861E+02
        81  3.724041E+02
        82  3.723198E+02

                                INCREMENT     6


 temperatures for set N_ALL and time  0.1200000E+02

         1  3.727052E+02
         2  3.726553E+02
         3  3.727398E+02
         4  3.728198E+02
         5  3.727199E+02
         6  3.727716E+02
         7  3.726812E+02
         8  3.728234E+02
         9  3.727396E+02
        10  3.727812E+02
        11  3.727744E+02
        12  3.728434E+02
        13  3.726885E+02
        14  3.727020E+02
        15  3.727182E+02
        16  3.727365E+02
        17  3.728162E+02
        18  3.728029E+02
        19  3.727896E+02
        20  3.728527E+02
        21  3.727175E+02
        22  3.728712E+02
        23  3.726817E+02
        24  3.726837E+02
        25  3.728110E+02
        26  3.727961E+02
        27  3.727235E+02
        28  3.727340E+02
        29  3.727922E+02
        30  3.728271E+02
        31  3.727551E+02
        32  3.728833E+02
        33  3.727524E+02
        34  3.727159E+02
        35  3.727088E+02
        36  3.726952E+02
        37  3.728808E+02
        38  3.728078E+02
        39  3.728099E+02
        40  3.728030E+02
        41  3.727332E+02
        42  3.727898E+02
        43  3.727707E+02
        44  3.727271E+02
        45  3.727042E+02
        46  3.727741E+02
        47  3.727913E+02
        48  3.727615E+02
        49  3.727663E+02
        50  3.727372E+02
        51  3.727457E+02
        52  3.727646E+02
        53  3.727484E+02
        54  3.728136E+02
        55  3.727924E+02
        56  3.728018E+02
        57  3.727350E+02
        58  3.727111E+02
        59  3.727390E+02
        60  3.728234E+02
        61  3.730000E+02
        62  3.730000E+02
        63  3.730000E+02
        64  3.730000E+02
        65  3.730000E+02
        66  3.730000E+02
        67  3.730000E+02
        68  3.730000E+02
        69  3.730000E+02
        70  3.730000E+02
        71  3.730000E+02
        72  3.727603E+02
        73  3.727798E+02
        74  3.727835E+02
        75  3.727624E+02
        76  3.727587E+02
        77  3.727626E+02
        78  3.727816E+02
        79  3.727539E+02
        80  3.727258E+02
        81  3.727753E+02
        82  3.727407E+02

                                INCREMENT     7


 temperatures for set N_ALL and time  0.1400000E+02

         1  3.728868E+02
         2  3.728676E+02
         3  3.729008E+02
         4  3.729313E+02
         5  3.728932E+02
         6  3.729129E+02
         7  3.728783E+02
         8  3.729326E+02
         9  3.729017E+02
        10  3.729174E+02
        11  3.729149E+02
        12  3.729409E+02
        13  3.728805E+02
        14  3.728859E+02
        15  3.728922E+02
        16  3.728994E+02
        17  3.729294E+02
        18  3.729245E+02
        19  3.729195E+02
        20  3.729437E+02
        21  3.728923E+02
        22  3.729509E+02
        23  3.728785E+02
        24  3.728792E+02
        25  3.729279E+02
        26  3.729221E+02
        27  3.728949E+02
        28  3.728993E+02
        29  3.729210E+02
        30  3.729345E+02
        31  3.729076E+02
        32  3.729560E+02
        33  3.729063E+02
        34  3.728920E+02
        35  3.728888E+02
        36  3.728832E+02
        37  3.729548E+02
        38  3.729268E+02
        39  3.729274E+02
        40  3.729245E+02
        41  3.728977E+02
        42  3.729198E+02
        43  3.729124E+02
        44  3.728956E+02
        45  3.728864E+02
        46  3.729138E+02
        47  3.729204E+02
        48  3.729090E+02
        49  3.729108E+02
        50  3.728997E+02
        51  3.729032E+02
        52  3.729110E+02
        53  3.729046E+02
        54  3.729297E+02
        55  3.729216E+02
        56  3.729248E+02
        57  3.728989E+02
        58  3.728891E+02
        59  3.729001E+02
        60  3.729333E+02
        61  3.730000E+02
        62  3.730000E+02
        63  3.730000E+02
        64  3.730000E+02
        65  3.730000E+02
        66  3.730000E+02
        67  3.730000E+02
        68  3.730000E+02
        69  3.730000E+02
        70  3.730000E+02
        71  3.730000E+02
        72  3.729083E+02
        73  3.729159E+02
        74  3.729179E+02
        75  3.729092E+02
        76  3.729081E+02
        77  3.729091E+02
        78  3.729175E+02
        79  3.729061E+02
        80  3.728949E+02
        81  3.729151E+02
        82  3.729011E+02

                                INCREMENT     8


 temperatures for set N_ALL and time  0.1600000E+02

         1  3.729566E+02
         2  3.729493E+02
         3  3.729621E+02
         4  3.729738E+02
         5  3.729592E+02
         6  3.729668E+02
         7  3.729536E+02
         8  3.729743E+02
         9  3.729628E+02
        10  3.729688E+02
        11  3.729678E+02
        12  3.729777E+02
        13  3.729542E+02
        14  3.729563E+02
        15  3.729588E+02
        16  3.729616E+02
        17  3.729730E+02
        18  3.729711E+02
        19  3.729692E+02
        20  3.729785E+02
        21  3.729589E+02
        22  3.729813E+02
        23  3.729536E+02
        24  3.729539E+02
        25  3.729725E+02
        26  3.729703E+02
        27  3.729601E+02
        28  3.729619E+02
        29  3.729699E+02
        30  3.729752E+02
        31  3.729650E+02
        32  3.729834E+02
        33  3.729645E+02
        34  3.729589E+02
        35  3.729575E+02
        36  3.729553E+02
        37  3.729828E+02
        38  3.729721E+02
        39  3.729723E+02
        40  3.729711E+02
        41  3.729608E+02
        42  3.729694E+02
        43  3.729665E+02
        44  3.729600E+02
        45  3.729565E+02
        46  3.729671E+02
        47  3.729696E+02
        48  3.729653E+02
        49  3.729660E+02
        50  3.729617E+02
        51  3.729631E+02
        52  3.729663E+02
        53  3.729638E+02
        54  3.729734E+02
        55  3.729704E+02
        56  3.729714E+02
        57  3.729615E+02
        58  3.729575E+02
        59  3.729618E+02
        60  3.729748E+02
        61  3.730000E+02
        62  3.730000E+02
        63  3.730000E+02
        64  3.730000E+02
        65  3.730000E+02
        66  3.730000E+02
        67  3.730000E+02
        68  3.730000E+02
        69  3.730000E+02
        70  3.730000E+02
        71  3.730000E+02
        72  3.729650E+02
        73  3.729679E+02
        74  3.729688E+02
        75  3.729653E+02
        76  3.729650E+02
        77  3.729652E+02
        78  3.729687E+02
        79  3.729642E+02
        80  3.729598E+02
        81  3.729679E+02
        82  3.729623E+02

                                INCREMENT     9


 temperatures for set N_ALL and time  0.1800000E+02

         1  3.729834E+02
         2  3.729806E+02
         3  3.729856E+02
         4  3.729900E+02
         5  3.729844E+02
         6  3.729873E+02
         7  3.729823E+02
         8  3.729902E+02
         9  3.729859E+02
        10  3.729882E+02
        11  3.729878E+02
        12  3.729915E+02
        13  3.729825E+02
        14  3.729833E+02
        15  3.729843E+02
        16  3.729853E+02
        17  3.729896E+02
        18  3.729889E+02
        19  3.729882E+02
        20  3.729918E+02
        21  3.729843E+02
        22  3.729928E+02
        23  3.729823E+02
        24  3.729824E+02
        25  3.729895E+02
        26  3.729887E+02
        27  3.729848E+02
        28  3.729855E+02
        29  3.729886E+02
        30  3.729906E+02
        31  3.729868E+02
        32  3.729937E+02
        33  3.729865E+02
        34  3.729844E+02
        35  3.729838E+02
        36  3.729829E+02
        37  3.729935E+02
        38  3.729894E+02
        39  3.729894E+02
        40  3.729890E+02
        41  3.729850E+02
        42  3.729883E+02
        43  3.729872E+02
        44  3.729847E+02
        45  3.729833E+02
        46  3.729875E+02
        47  3.729884E+02
        48  3.729868E+02
        49  3.729870E+02
        50  3.729854E+02
        51  3.729860E+02
        52  3.729872E+02
        53  3.729862E+02
        54  3.729899E+02
        55  3.729888E+02
        56  3.729891E+02
        57  3.729853E+02
        58  3.729837E+02
        59  3.729854E+02
        60  3.729904E+02
        61  3.730000E+02
        62  3.730000E+02
        63  3.730000E+02
        64  3.730000E+02
        65  3.730000E+02
        66  3.730000E+02
        67  3.730000E+02
        68  3.730000E+02
        69  3.730000E+02
        70  3.730000E+02
        71  3.730000E+02
        72  3.729866E+02
        73  3.729877E+02
        74  3.729882E+02
        75  3.729867E+02
        76  3.729867E+02
        77  3.729867E+02
        78  3.729881E+02
        79  3.729863E+02
        80  3.729846E+02
        81  3.729878E+02
        82  3.729856E+02

                                INCREMENT    10


 temperatures for set N_ALL and time  0.2000000E+02

         1  3.729936E+02
         2  3.729926E+02
         3  3.729945E+02
         4  3.729962E+02
         5  3.729941E+02
         6  3.729952E+02
         7  3.729932E+02
         8  3.729963E+02
         9  3.729947E+02
        10  3.729955E+02
        11  3.729954E+02
        12  3.729968E+02
        13  3.729933E+02
        14  3.729936E+02
        15  3.729940E+02
        16  3.729944E+02
        17  3.729960E+02
        18  3.729958E+02
        19  3.729955E+02
        20  3.729969E+02
        21  3.729940E+02
        22  3.729973E+02
        23  3.729932E+02
        24  3.729933E+02
        25  3.729960E+02
        26  3.729957E+02
        27  3.729942E+02
        28  3.729945E+02
        29  3.729956E+02
        30  3.729964E+02
        31  3.729950E+02
        32  3.729976E+02
        33  3.729949E+02
        34  3.729940E+02
        35  3.729938E+02
        36  3.729935E+02
        37  3.729975E+02
        38  3.729960E+02
        39  3.729960E+02
        40  3.729958E+02
        41  3.729943E+02
        42  3.729955E+02
        43  3.729951E+02
        44  3.729942E+02
        45  3.729936E+02
        46  3.729952E+02
        47  3.729956E+02
        48  3.729949E+02
        49  3.729950E+02
        50  3.729944E+02
        51  3.729947E+02
        52  3.729952E+02
        53  3.729948E+02
        54  3.729962E+02
        55  3.729957E+02
        56  3.729959E+02
        57  3.729944E+02
        58  3.729938E+02
        59  3.729944E+02
        60  3.729964E+02
        61  3.730000E+02
        62  3.730000E+02
        63  3.730000E+02
        64  3.730000E+02
        65  3.730000E+02
        66  3.730000E+02
        67  3.730000E+02
        68  3.730000E+02
        69  3.730000E+02
        70  3.730000E+02
        71  3.730000E+02
        72  3.729949E+02
        73  3.729953E+02
        74  3.729955E+02
        75  3.729949E+02
        76  3.729949E+02
        77  3.729949E+02
        78  3.729955E+02
        79  3.729948E+02
        80  3.729941E+02
        81  3.729954E+02
        82  3.729945E+02

                                INCREMENT    11


 temperatures for set N_ALL and time  0.2200000E+02

         1  3.729976E+02
         2  3.729972E+02
         3  3.729979E+02
         4  3.729985E+02
         5  3.729977E+02
         6  3.729982E+02
         7  3.729974E+02
         8  3.729986E+02
         9  3.729980E+02
        10  3.729983E+02
        11  3.729982E+02
        12  3.729988E+02
        13  3.729974E+02
        14  3.729976E+02
        15  3.729977E+02
        16  3.729979E+02
        17  3.729985E+02
        18  3.729984E+02
        19  3.729983E+02
        20  3.729988E+02
        21  3.729977E+02
        22  3.729990E+02
        23  3.729974E+02
        24  3.729974E+02
        25  3.729985E+02
        26  3.729983E+02
        27  3.729978E+02
        28  3.729979E+02
        29  3.729983E+02
        30  3.729986E+02
        31  3.729981E+02
        32  3.729991E+02
        33  3.729981E+02
        34  3.729977E+02
        35  3.729976E+02
        36  3.729975E+02
        37  3.729991E+02
        38  3.729985E+02
        39  3.729985E+02
        40  3.729984E+02
        41  3.729978E+02
        42  3.729983E+02
        43  3.729981E+02
        44  3.729978E+02
        45  3.729976E+02
        46  3.729982E+02
        47  3.729983E+02
        48  3.729981E+02
        49  3.729981E+02
        50  3.729979E+02
        51  3.729980E+02
        52  3.729982E+02
        53  3.729980E+02
        54  3.729985E+02
        55  3.729984E+02
        56  3.729984E+02
        57  3.729979E+02
        58  3.729976E+02
        59  3.729979E+02
        60  3.729986E+02
        61  3.730000E+02
        62  3.730000E+02
        63  3.730000E+02
        64  3.730000E+02
        65  3.730000E+02
        66  3.730000E+02
        67  3.730000E+02
        68  3.730000E+02
        69  3.730000E+02
        70  3.730000E+02
        71  3.730000E+02
        72  3.729981E+02
        73  3.729982E+02
        74  3.729983E+02
        75  3.729981E+02
        76  3.729981E+02
        77  3.729981E+02
        78  3.729983E+02
        79  3.729980E+02
        80  3.729978E+02
        81  3.729982E+02
        82  3.729979E+02

                                INCREMENT    12


 temperatures for set N_ALL and time  0.2400000E+02

         1  3.729991E+02
         2  3.729989E+02
         3  3.729992E+02
         4  3.729994E+02
         5  3.729991E+02
         6  3.729993E+02
         7  3.729990E+02
         8  3.729995E+02
         9  3.729992E+02
        10  3.729994E+02
        11  3.729993E+02
        12  3.729995E+02
        13  3.729990E+02
        14  3.729991E+02
        15  3.729991E+02
        16  3.729992E+02
        17  3.729994E+02
        18  3.729994E+02
        19  3.729993E+02
        20  3.729995E+02
        21  3.729991E+02
        22  3.729996E+02
        23  3.729990E+02
        24  3.729990E+02
        25  3.729994E+02
        26  3.729994E+02
        27  3.729992E+02
        28  3.729992E+02
        29  3.729994E+02
        30  3.729995E+02
        31  3.729993E+02
        32  3.729997E+02
        33  3.729993E+02
        34  3.729991E+02
        35  3.729991E+02
        36  3.729990E+02
        37  3.729996E+02
        38  3.729994E+02
        39  3.729994E+02
        40  3.729994E+02
        41  3.729992E+02
        42  3.729993E+02
        43  3.729993E+02
        44  3.729991E+02
        45  3.729991E+02
        46  3.729993E+02
        47  3.729994E+02
        48  3.729993E+02
        49  3.729993E+02
        50  3.729992E+02
        51  3.729992E+02
        52  3.729993E+02
        53  3.729992E+02
        54  3.729994E+02
        55  3.729994E+02
        56  3.729994E+02
        57  3.729992E+02
        58  3.729991E+02
        59  3.729992E+02
        60  3.729995E+02
        61  3.730000E+02
        62  3.730000E+02
        63  3.730000E+02
        64  3.730000E+02
        65  3.730000E+02
        66  3.730000E+02
        67  3.730000E+02
        68  3.730000E+02
        69  3.730000E+02
        70  3.730000E+02
        71  3.730000E+02
        72  3.729993E+02
        73  3.729993E+02
        74  3.729993E+02
        75  3.729993E+02
        76  3.729993E+02
        77  3.729993E+02
        78  3.729993E+02
        79  3.729992E+02
        80  3.729991E+02
        81  3.729993E+02
        82  3.729992E+02

                                INCREMENT    13


 temperatures for set N_ALL and time  0.2600000E+02

         1  3.729996E+02
         2  3.729996E+02
         3  3.729997E+02
         4  3.729998E+02
         5  3.729997E+02
         6  3.729997E+02
         7  3.729996E+02
         8  3.729998E+02
         9  3.729997E+02
        10  3.729998E+02
        11  3.729997E+02
        12  3.729998E+02
        13  3.729996E+02
        14  3.729996E+02
        15  3.729997E+02
        16  3.729997E+02
        17  3.729998E+02
        18  3.729998E+02
        19  3.729997E+02
        20  3.729998E+02
        21  3.729997E+02
        22  3.729998E+02
        23  3.729996E+02
        24  3.729996E+02
        25  3.729998E+02
        26  3.729998E+02
        27  3.729997E+02
        28  3.729997E+02
        29  3.729998E+02
        30  3.729998E+02
        31  3.729997E+02
        32  3.729999E+02
        33  3.729997E+02
        34  3.729997E+02
        35  3.729997E+02
        36  3.729996E+02
        37  3.729999E+02
        38  3.729998E+02
        39  3.729998E+02
        40  3.729998E+02
        41  3.729997E+02
        42  3.729998E+02
        43  3.729997E+02
        44  3.729997E+02
        45  3.729996E+02
        46  3.729997E+02
        47  3.729998E+02
        48  3.729997E+02
        49  3.729997E+02
        50  3.729997E+02
        51  3.729997E+02
        52  3.729997E+02
        53  3.729997E+02
        54  3.729998E+02
        55  3.729998E+02
        56  3.729998E+02
        57  3.729997E+02
        58  3.729997E+02
        59  3.729997E+02
        60  3.729998E+02
        61  3.730000E+02
        62  3.730000E+02
        63  3.730000E+02
        64  3.730000E+02
        65  3.730000E+02
        66  3.730000E+02
        67  3.730000E+02
        68  3.730000E+02
        69  3.730000E+02
        70  3.730000E+02
        71  3.730000E+02
        72  3.729997E+02
        73  3.729997E+02
        74  3.729998E+02
        75  3.729997E+02
        76  3.729997E+02
        77  3.729997E+02
        78  3.729998E+02
        79  3.729997E+02
        80  3.729997E+02
        81  3.729997E+02
        82  3.729997E+02

                                INCREMENT    14


 temperatures for set N_ALL and time  0.2800000E+02

         1  3.729999E+02
         2  3.729998E+02
         3  3.729999E+02
         4  3.729999E+02
         5  3.729999E+02
         6  3.729999E+02
         7  3.729999E+02
         8  3.729999E+02
         9  3.729999E+02
        10  3.729999E+02
        11  3.729999E+02
        12  3.729999E+02
        13  3.729999E+02
        14  3.729999E+02
        15  3.729999E+02
        16  3.729999E+02
        17  3.729999E+02
        18  3.729999E+02
        19  3.729999E+02
        20  3.729999E+02
        21  3.729999E+02
        22  3.729999E+02
        23  3.729999E+02
        24  3.729999E+02
        25  3.729999E+02
        26  3.729999E+02
        27  3.729999E+02
        28  3.729999E+02
        29  3.729999E+02
        30  3.729999E+02
        31  3.729999E+02
        32  3.730000E+02
        33  3.729999E+02
        34  3.729999E+02
        35  3.729999E+02
        36  3.729999E+02
        37  3.729999E+02
        38  3.729999E+02
        39  3.729999E+02
        40  3.729999E+02
        41  3.729999E+02
        42  3.729999E+02
        43  3.729999E+02
        44  3.729999E+02
        45  3.729999E+02
        46  3.729999E+02
        47  3.729999E+02
        48  3.729999E+02
        49  3.729999E+02
        50  3.729999E+02
        51  3.729999E+02
        52  3.729999E+02
        53  3.729999E+02
        54  3.729999E+02
        55  3.729999E+02
        56  3.729999E+02
        57  3.729999E+02
        58  3.729999E+02
        59  3.729999E+02
        60  3.729999E+02
        61  3.730000E+02
        62  3.730000E+02
        63  3.730000E+02
        64  3.730000E+02
        65  3.730000E+02
        66  3.730000E+02
        67  3.730000E+02
        68  3.730000E+02
        69  3.730000E+02
        70  3.730000E+02
        71  3.730000E+02
        72  3.729999E+02
        73  3.729999E+02
        74  3.729999E+02
        75  3.729999E+02
        76  3.729999E+02
        77  3.729999E+02
        78  3.729999E+02
        79  3.729999E+02
        80  3.729999E+02
        81  3.729999E+02
        82  3.729999E+02

                                INCREMENT    15


 temperatures for set N_ALL and time  0.3000000E+02

         1  3.729999E+02
         2  3.729999E+02
         3  3.730000E+02
         4  3.730000E+02
         5  3.730000E+02
         6  3.730000E+02
         7  3.729999E+02
         8  3.730000E+02
         9  3.730000E+02
        10  3.730000E+02
        11  3.730000E+02
        12  3.730000E+02
        13  3.729999E+02
        14  3.729999E+02
        15  3.730000E+02
        16  3.730000E+02
        17  3.730000E+02
        18  3.730000E+02
        19  3.730000E+02
        20  3.730000E+02
        21  3.730000E+02
        22  3.730000E+02
        23  3.729999E+02
        24  3.729999E+02
        25  3.730000E+02
        26  3.730000E+02
        27  3.730000E+02
        28  3.730000E+02
        29  3.730000E+02
        30  3.730000E+02
        31  3.730000E+02
        32  3.730000E+02
        33  3.730000E+02
        34  3.730000E+02
        35  3.730000E+02
        36  3.729999E+02
        37  3.730000E+02
        38  3.730000E+02
        39  3.730000E+02
        40  3.730000E+02
        41  3.730000E+02
        42  3.730000E+02
        43  3.730000E+02
        44  3.730000E+02
        45  3.729999E+02
        46  3.730000E+02
        47  3.730000E+02
        48  3.730000E+02
        49  3.730000E+02
        50  3.730000E+02
        51  3.730000E+02
        52  3.730000E+02
        53  3.730000E+02
        54  3.730000E+02
        55  3.730000E+02
        56  3.730000E+02
        57  3.730000E+02
        58  3.729999E+02
        59  3.730000E+02
        60  3.730000E+02
        61  3.730000E+02
        62  3.730000E+02
        63  3.730000E+02
        64  3.730000E+02
        65  3.730000E+02
        66  3.730000E+02
        67  3.730000E+02
        68  3.730000E+02
        69  3.730000E+02
        70  3.730000E+02
        71  3.730000E+02
        72  3.730000E+02
        73  3.730000E+02
        74  3.730000E+02
        75  3.730000E+02
        76  3.730000E+02
        77  3.730000E+02
        78  3.730000E+02
        79  3.730000E+02
        80  3.730000E+02
        81  3.730000E+02
        82  3.730000E+02

                                INCREMENT    16


 temperatures for set N_ALL and time  0.3200000E+02

         1  3.730000E+02
         2  3.730000E+02
         3  3.730000E+02
         4  3.730000E+02
         5  3.730000E+02
         6  3.730000E+02
         7  3.730000E+02
         8  3.730000E+02
         9  3.730000E+02
        10  3.730000E+02
        11  3.730000E+02
        12  3.730000E+02
        13  3.730000E+02
        14  3.730000E+02
        15  3.730000E+02
        16  3.730000E+02
        17  3.730000E+02
        18  3.730000E+02
        19  3.730000E+02
        20  3.730000E+02
        21  3.730000E+02
        22  3.730000E+02
        23  3.730000E+02
        24  3.730000E+02
        25  3.730000E+02
        26  3.730000E+02
        27  3.730000E+02
        28  3.730000E+02
        29  3.730000E+02
        30  3.730000E+02
        31  3.730000E+02
        32  3.730000E+02
        33  3.730000E+02
        34  3.730000E+02
        35  3.730000E+02
        36  3.730000E+02
        37  3.730000E+02
        38  3.730000E+02
        39  3.730000E+02
        40  3.730000E+02
        41  3.730000E+02
        42  3.730000E+02
        43  3.730000E+02
        44  3.730000E+02
        45  3.730000E+02
        46  3.730000E+02
        47  3.730000E+02
        48  3.730000E+02
        49  3.730000E+02
        50  3.730000E+02
        51  3.730000E+02
        52  3.730000E+02
        53  3.730000E+02
        54  3.730000E+02
        55  3.730000E+02
        56  3.730000E+02
        57  3.730000E+02
        58  3.730000E+02
        59  3.730000E+02
        60  3.730000E+02
        61  3.730000E+02
        62  3.730000E+02
        63  3.730000E+02
        64  3.730000E+02
        65  3.730000E+02
        66  3.730000E+02
        67  3.730000E+02
        68  3.730000E+02
        69  3.730000E+02
        70  3.730000E+02
        71  3.730000E+02
        72  3.730000E+02
        73  3.730000E+02
        74  3.730000E+02
        75  3.730000E+02
        76  3.730000E+02
        77  3.730000E+02
        78  3.730000E+02
        79  3.730000E+02
        80  3.730000E+02
        81  3.730000E+02
        82  3.730000E+02

                                INCREMENT    17


 temperatures for set N_ALL and time  0.3400000E+02

         1  3.730000E+02
         2  3.730000E+02
         3  3.730000E+02
         4  3.730000E+02
         5  3.730000E+02
         6  3.730000E+02
         7  3.730000E+02
         8  3.730000E+02
         9  3.730000E+02
        10  3.730000E+02
        11  3.730000E+02
        12  3.730000E+02
        13  3.730000E+02
        14  3.730000E+02
        15  3.730000E+02
        16  3.730000E+02
        17  3.730000E+02
        18  3.730000E+02
        19  3.730000E+02
        20  3.730000E+02
        21  3.730000E+02
        22  3.730000E+02
        23  3.730000E+02
        24  3.730000E+02
        25  3.730000E+02
        26  3.730000E+02
        27  3.730000E+02
        28  3.730000E+02
        29  3.730000E+02
        30  3.730000E+02
        31  3.730000E+02
        32  3.730000E+02
        33  3.730000E+02
        34  3.730000E+02
        35  3.730000E+02
        36  3.730000E+02
        37  3.730000E+02
        38  3.730000E+02
        39  3.730000E+02
        40  3.730000E+02
        41  3.730000E+02
        42  3.730000E+02
        43  3.730000E+02
        44  3.730000E+02
        45  3.730000E+02
        46  3.730000E+02
        47  3.730000E+02
        48  3.730000E+02
        49  3.730000E+02
        50  3.730000E+02
        51  3.730000E+02
        52  3.730000E+02
        53  3.730000E+02
        54  3.730000E+02
        55  3.730000E+02
        56  3.730000E+02
        57  3.730000E+02
        58  3.730000E+02
        59  3.730000E+02
        60  3.730000E+02
        61  3.730000E+02
        62  3.730000E+02
        63  3.730000E+02
        64  3.730000E+02
        65  3.730000E+02
        66  3.730000E+02
        67  3.730000E+02
        68  3.730000E+02
        69  3.730000E+02
        70  3.730000E+02
        71  3.730000E+02
        72  3.730000E+02
        73  3.730000E+02
        74  3.730000E+02
        75  3.730000E+02
        76  3.730000E+02
        77  3.730000E+02
        78  3.730000E+02
        79  3.730000E+02
        80  3.730000E+02
        81  3.730000E+02
        82  3.730000E+02

                                INCREMENT    18


 temperatures for set N_ALL and time  0.3600000E+02

         1  3.730000E+02
         2  3.730000E+02
         3  3.730000E+02
         4  3.730000E+02
         5  3.730000E+02
         6  3.730000E+02
         7  3.730000E+02
         8  3.730000E+02
         9  3.730000E+02
        10  3.730000E+02
        11  3.730000E+02
        12  3.730000E+02
        13  3.730000E+02
        14  3.730000E+02
        15  3.730000E+02
        16  3.730000E+02
        17  3.730000E+02
        18  3.730000E+02
        19  3.730000E+02
        20  3.730000E+02
        21  3.730000E+02
        22  3.730000E+02
        23  3.730000E+02
        24  3.730000E+02
        25  3.730000E+02
        26  3.730000E+02
        27  3.730000E+02
        28  3.730000E+02
        29  3.730000E+02
        30  3.730000E+02
        31  3.730000E+02
        32  3.730000E+02
        33  3.730000E+02
        34  3.730000E+02
        35  3.730000E+02
        36  3.730000E+02
        37  3.730000E+02
        38  3.730000E+02
        39  3.730000E+02
        40  3.730000E+02
        41  3.730000E+02
        42  3.730000E+02
        43  3.730000E+02
        44  3.730000E+02
        45  3.730000E+02
        46  3.730000E+02
        47  3.730000E+02
        48  3.730000E+02
        49  3.730000E+02
        50  3.730000E+02
        51  3.730000E+02
        52  3.730000E+02
        53  3.730000E+02
        54  3.730000E+02
        55  3.730000E+02
        56  3.730000E+02
        57  3.730000E+02
        58  3.730000E+02
        59  3.730000E+02
        60  3.730000E+02
        61  3.730000E+02
        62  3.730000E+02
        63  3.730000E+02
        64  3.730000E+02
        65  3.730000E+02
        66  3.730000E+02
        67  3.730000E+02
        68  3.730000E+02
        69  3.730000E+02
        70  3.730000E+02
        71  3.730000E+02
        72  3.730000E+02
        73  3.730000E+02
        74  3.730000E+02
        75  3.730000E+02
        76  3.730000E+02
        77  3.730000E+02
        78  3.730000E+02
        79  3.730000E+02
        80  3.730000E+02
        81  3.730000E+02
        82  3.730000E+02

                                INCREMENT    19


 temperatures for set N_ALL and time  0.3800000E+02

         1  3.730000E+02
         2  3.730000E+02
         3  3.730000E+02
         4  3.730000E+02
         5  3.730000E+02
         6  3.730000E+02
         7  3.730000E+02
         8  3.730000E+02
         9  3.730000E+02
        10  3.730000E+02
        11  3.730000E+02
        12  3.730000E+02
        13  3.730000E+02
        14  3.730000E+02
        15  3.730000E+02
        16  3.730000E+02
        17  3.730000E+02
        18  3.730000E+02
        19  3.730000E+02
        20  3.730000E+02
        21  3.730000E+02
        22  3.730000E+02
        23  3.730000E+02
        24  3.730000E+02
        25  3.730000E+02
        26  3.730000E+02
        27  3.730000E+02
        28  3.730000E+02
        29  3.730000E+02
        30  3.730000E+02
        31  3.730000E+02
        32  3.730000E+02
        33  3.730000E+02
        34  3.730000E+02
        35  3.730000E+02
        36  3.730000E+02
        37  3.730000E+02
        38  3.730000E+02
        39  3.730000E+02
        40  3.730000E+02
        41  3.730000E+02
        42  3.730000E+02
        43  3.730000E+02
        44  3.730000E+02
        45  3.730000E+02
        46  3.730000E+02
        47  3.730000E+02
        48  3.730000E+02
        49  3.730000E+02
        50  3.730000E+02
        51  3.730000E+02
        52  3.730000E+02
        53  3.730000E+02
        54  3.730000E+02
        55  3.730000E+02
        56  3.730000E+02
        57  3.730000E+02
        58  3.730000E+02
        59  3.730000E+02
        60  3.730000E+02
        61  3.730000E+02
        62  3.730000E+02
        63  3.730000E+02
        64  3.730000E+02
        65  3.730000E+02
        66  3.730000E+02
        67  3.730000E+02
        68  3.730000E+02
        69  3.730000E+02
        70  3.730000E+02
        71  3.730000E+02
        72  3.730000E+02
        73  3.730000E+02
        74  3.730000E+02
        75  3.730000E+02
        76  3.730000E+02
        77  3.730000E+02
        78  3.730000E+02
        79  3.730000E+02
        80  3.730000E+02
        81  3.730000E+02
        82  3.730000E+02

                                INCREMENT    20


 temperatures for set N_ALL and time  0.4000000E+02

         1  3.730000E+02
         2  3.730000E+02
         3  3.730000E+02
         4  3.730000E+02
         5  3.730000E+02
         6  3.730000E+02
         7  3.730000E+02
         8  3.730000E+02
         9  3.730000E+02
        10  3.730000E+02
        11  3.730000E+02
        12  3.730000E+02
        13  3.730000E+02
        14  3.730000E+02
        15  3.730000E+02
        16  3.730000E+02
        17  3.730000E+02
        18  3.730000E+02
        19  3.730000E+02
        20  3.730000E+02
        21  3.730000E+02
        22  3.730000E+02
        23  3.730000E+02
        24  3.730000E+02
        25  3.730000E+02
        26  3.730000E+02
        27  3.730000E+02
        28  3.730000E+02
        29  3.730000E+02
        30  3.730000E+02
        31  3.730000E+02
        32  3.730000E+02
        33  3.730000E+02
        34  3.730000E+02
        35  3.730000E+02
        36  3.730000E+02
        37  3.730000E+02
        38  3.730000E+02
        39  3.730000E+02
        40  3.730000E+02
        41  3.730000E+02
        42  3.730000E+02
        43  3.730000E+02
        44  3.730000E+02
        45  3.730000E+02
        46  3.730000E+02
        47  3.730000E+02
        48  3.730000E+02
        49  3.730000E+02
        50  3.730000E+02
        51  3.730000E+02
        52  3.730000E+02
        53  3.730000E+02
        54  3.730000E+02
        55  3.730000E+02
        56  3.730000E+02
        57  3.730000E+02
        58  3.730000E+02
        59  3.730000E+02
        60  3.730000E+02
        61  3.730000E+02
        62  3.730000E+02
        63  3.730000E+02
        64  3.730000E+02
        65  3.730000E+02
        66  3.730000E+02
        67  3.730000E+02
        68  3.730000E+02
        69  3.730000E+02
        70  3.730000E+02
        71  3.730000E+02
        72  3.730000E+02
        73  3.730000E+02
        74  3.730000E+02
        75  3.730000E+02
        76  3.730000E+02
        77  3.730000E+02
        78  3.730000E+02
        79  3.730000E+02
        80  3.730000E+02
        81  3.730000E+02
        82  3.730000E+02

                                INCREMENT    21


 temperatures for set N_ALL and time  0.4200000E+02

         1  3.730000E+02
         2  3.730000E+02
         3  3.730000E+02
         4  3.730000E+02
         5  3.730000E+02
         6  3.730000E+02
         7  3.730000E+02
         8  3.730000E+02
         9  3.730000E+02
        10  3.730000E+02
        11  3.730000E+02
        12  3.730000E+02
        13  3.730000E+02
        14  3.730000E+02
        15  3.730000E+02
        16  3.730000E+02
        17  3.730000E+02
        18  3.730000E+02
        19  3.730000E+02
        20  3.730000E+02
        21  3.730000E+02
        22  3.730000E+02
        23  3.730000E+02
        24  3.730000E+02
        25  3.730000E+02
        26  3.730000E+02
        27  3.730000E+02
        28  3.730000E+02
        29  3.730000E+02
        30  3.730000E+02
        31  3.730000E+02
        32  3.730000E+02
        33  3.730000E+02
        34  3.730000E+02
        35  3.730000E+02
        36  3.730000E+02
        37  3.730000E+02
        38  3.730000E+02
        39  3.730000E+02
        40  3.730000E+02
        41  3.730000E+02
        42  3.730000E+02
        43  3.730000E+02
        44  3.730000E+02
        45  3.730000E+02
        46  3.730000E+02
        47  3.730000E+02
        48  3.730000E+02
        49  3.730000E+02
        50  3.730000E+02
        51  3.730000E+02
        52  3.730000E+02
        53  3.730000E+02
        54  3.730000E+02
        55  3.730000E+02
        56  3.730000E+02
        57  3.730000E+02
        58  3.730000E+02
        59  3.730000E+02
        60  3.730000E+02
        61  3.730000E+02
        62  3.730000E+02
        63  3.730000E+02
        64  3.730000E+02
        65  3.730000E+02
        66  3.730000E+02
        67  3.730000E+02
        68  3.730000E+02
        69  3.730000E+02
        70  3.730000E+02
        71  3.730000E+02
        72  3.730000E+02
        73  3.730000E+02
        74  3.730000E+02
        75  3.730000E+02
        76  3.730000E+02
        77  3.730000E+02
        78  3.730000E+02
        79  3.730000E+02
        80  3.730000E+02
        81  3.730000E+02
        82  3.730000E+02

                                INCREMENT    22


 temperatures for set N_ALL and time  0.4400000E+02

         1  3.730000E+02
         2  3.730000E+02
         3  3.730000E+02
         4  3.730000E+02
         5  3.730000E+02
         6  3.730000E+02
         7  3.730000E+02
         8  3.730000E+02
         9  3.730000E+02
        10  3.730000E+02
        11  3.730000E+02
        12  3.730000E+02
        13  3.730000E+02
        14  3.730000E+02
        15  3.730000E+02
        16  3.730000E+02
        17  3.730000E+02
        18  3.730000E+02
        19  3.730000E+02
        20  3.730000E+02
        21  3.730000E+02
        22  3.730000E+02
        23  3.730000E+02
        24  3.730000E+02
        25  3.730000E+02
        26  3.730000E+02
        27  3.730000E+02
        28  3.730000E+02
        29  3.730000E+02
        30  3.730000E+02
        31  3.730000E+02
        32  3.730000E+02
        33  3.730000E+02
        34  3.730000E+02
        35  3.730000E+02
        36  3.730000E+02
        37  3.730000E+02
        38  3.730000E+02
        39  3.730000E+02
        40  3.730000E+02
        41  3.730000E+02
        42  3.730000E+02
        43  3.730000E+02
        44  3.730000E+02
        45  3.730000E+02
        46  3.730000E+02
        47  3.730000E+02
        48  3.730000E+02
        49  3.730000E+02
        50  3.730000E+02
        51  3.730000E+02
        52  3.730000E+02
        53  3.730000E+02
        54  3.730000E+02
        55  3.730000E+02
        56  3.730000E+02
        57  3.730000E+02
        58  3.730000E+02
        59  3.730000E+02
        60  3.730000E+02
        61  3.730000E+02
        62  3.730000E+02
        63  3.730000E+02
        64  3.730000E+02
        65  3.730000E+02
        66  3.730000E+02
        67  3.730000E+02
        68  3.730000E+02
        69  3.730000E+02
        70  3.730000E+02
        71  3.730000E+02
        72  3.730000E+02
        73  3.730000E+02
        74  3.730000E+02
        75  3.730000E+02
        76  3.730000E+02
        77  3.730000E+02
        78  3.730000E+02
        79  3.730000E+02
        80  3.730000E+02
        81  3.730000E+02
        82  3.730000E+02

                                INCREMENT    23


 temperatures for set N_ALL and time  0.4600000E+02

         1  3.730000E+02
         2  3.730000E+02
         3  3.730000E+02
         4  3.730000E+02
         5  3.730000E+02
         6  3.730000E+02
         7  3.730000E+02
         8  3.730000E+02
         9  3.730000E+02
        10  3.730000E+02
        11  3.730000E+02
        12  3.730000E+02
        13  3.730000E+02
        14  3.730000E+02
        15  3.730000E+02
        16  3.730000E+02
        17  3.730000E+02
        18  3.730000E+02
        19  3.730000E+02
        20  3.730000E+02
        21  3.730000E+02
        22  3.730000E+02
        23  3.730000E+02
        24  3.730000E+02
        25  3.730000E+02
        26  3.730000E+02
        27  3.730000E+02
        28  3.730000E+02
        29  3.730000E+02
        30  3.730000E+02
        31  3.730000E+02
        32  3.730000E+02
        33  3.730000E+02
        34  3.730000E+02
        35  3.730000E+02
        36  3.730000E+02
        37  3.730000E+02
        38  3.730000E+02
        39  3.730000E+02
        40  3.730000E+02
        41  3.730000E+02
        42  3.730000E+02
        43  3.730000E+02
        44  3.730000E+02
        45  3.730000E+02
        46  3.730000E+02
        47  3.730000E+02
        48  3.730000E+02
        49  3.730000E+02
        50  3.730000E+02
        51  3.730000E+02
        52  3.730000E+02
        53  3.730000E+02
        54  3.730000E+02
        55  3.730000E+02
        56  3.730000E+02
        57  3.730000E+02
        58  3.730000E+02
        59  3.730000E+02
        60  3.730000E+02
        61  3.730000E+02
        62  3.730000E+02
        63  3.730000E+02
        64  3.730000E+02
        65  3.730000E+02
        66  3.730000E+02
        67  3.730000E+02
        68  3.730000E+02
        69  3.730000E+02
        70  3.730000E+02
        71  3.730000E+02
        72  3.730000E+02
        73  3.730000E+02
        74  3.730000E+02
        75  3.730000E+02
        76  3.730000E+02
        77  3.730000E+02
        78  3.730000E+02
        79  3.730000E+02
        80  3.730000E+02
        81  3.730000E+02
        82  3.730000E+02

                                INCREMENT    24


 temperatures for set N_ALL and time  0.4800000E+02

         1  3.730000E+02
         2  3.730000E+02
         3  3.730000E+02
         4  3.730000E+02
         5  3.730000E+02
         6  3.730000E+02
         7  3.730000E+02
         8  3.730000E+02
         9  3.730000E+02
        10  3.730000E+02
        11  3.730000E+02
        12  3.730000E+02
        13  3.730000E+02
        14  3.730000E+02
        15  3.730000E+02
        16  3.730000E+02
        17  3.730000E+02
        18  3.730000E+02
        19  3.730000E+02
        20  3.730000E+02
        21  3.730000E+02
        22  3.730000E+02
        23  3.730000E+02
        24  3.730000E+02
        25  3.730000E+02
        26  3.730000E+02
        27  3.730000E+02
        28  3.730000E+02
        29  3.730000E+02
        30  3.730000E+02
        31  3.730000E+02
        32  3.730000E+02
        33  3.730000E+02
        34  3.730000E+02
        35  3.730000E+02
        36  3.730000E+02
        37  3.730000E+02
        38  3.730000E+02
        39  3.730000E+02
        40  3.730000E+02
        41  3.730000E+02
        42  3.730000E+02
        43  3.730000E+02
        44  3.730000E+02
        45  3.730000E+02
        46  3.730000E+02
        47  3.730000E+02
        48  3.730000E+02
        49  3.730000E+02
        50  3.730000E+02
        51  3.730000E+02
        52  3.730000E+02
        53  3.730000E+02
        54  3.730000E+02
        55  3.730000E+02
        56  3.730000E+02
        57  3.730000E+02
        58  3.730000E+02
        59  3.730000E+02
        60  3.730000E+02
        61  3.730000E+02
        62  3.730000E+02
        63  3.730000E+02
        64  3.730000E+02
        65  3.730000E+02
        66  3.730000E+02
        67  3.730000E+02
        68  3.730000E+02
        69  3.730000E+02
        70  3.730000E+02
        71  3.730000E+02
        72  3.730000E+02
        73  3.730000E+02
        74  3.730000E+02
        75  3.730000E+02
        76  3.730000E+02
        77  3.730000E+02
        78  3.730000E+02
        79  3.730000E+02
        80  3.730000E+02
        81  3.730000E+02
        82  3.730000E+02

                                INCREMENT    25


 temperatures for set N_ALL and time  0.5000000E+02

         1  3.730000E+02
         2  3.730000E+02
         3  3.730000E+02
         4  3.730000E+02
         5  3.730000E+02
         6  3.730000E+02
         7  3.730000E+02
         8  3.730000E+02
         9  3.730000E+02
        10  3.730000E+02
        11  3.730000E+02
        12  3.730000E+02
        13  3.730000E+02
        14  3.730000E+02
        15  3.730000E+02
        16  3.730000E+02
        17  3.730000E+02
        18  3.730000E+02
        19  3.730000E+02
        20  3.730000E+02
        21  3.730000E+02
        22  3.730000E+02
        23  3.730000E+02
        24  3.730000E+02
        25  3.730000E+02
        26  3.730000E+02
        27  3.730000E+02
        28  3.730000E+02
        29  3.730000E+02
        30  3.730000E+02
        31  3.730000E+02
        32  3.730000E+02
        33  3.730000E+02
        34  3.730000E+02
        35  3.730000E+02
        36  3.730000E+02
        37  3.730000E+02
        38  3.730000E+02
        39  3.730000E+02
        40  3.730000E+02
        41  3.730000E+02
        42  3.730000E+02
        43  3.730000E+02
        44  3.730000E+02
        45  3.730000E+02
        46  3.730000E+02
        47  3.730000E+02
        48  3.730000E+02
        49  3.730000E+02
        50  3.730000E+02
        51  3.730000E+02
        52  3.730000E+02
        53  3.730000E+02
        54  3.730000E+02
        55  3.730000E+02
        56  3.730000E+02
        57  3.730000E+02
        58  3.730000E+02
        59  3.730000E+02
        60  3.730000E+02
        61  3.730000E+02
        62  3.730000E+02
        63  3.730000E+02
        64  3.730000E+02
        65  3.730000E+02
        66  3.730000E+02
        67  3.730000E+02
        68  3.730000E+02
        69  3.730000E+02
        70  3.730000E+02
        71  3.730000E+02
        72  3.730000E+02
        73  3.730000E+02
        74  3.730000E+02
        75  3.730000E+02
        76  3.730000E+02
        77  3.730000E+02
        78  3.730000E+02
        79  3.730000E+02
        80  3.730000E+02
        81  3.730000E+02
        82  3.730000E+02

                                INCREMENT    26


 temperatures for set N_ALL and time  0.5200000E+02

         1  3.730000E+02
         2  3.730000E+02
         3  3.730000E+02
         4  3.730000E+02
         5  3.730000E+02
         6  3.730000E+02
         7  3.730000E+02
         8  3.730000E+02
         9  3.730000E+02
        10  3.730000E+02
        11  3.730000E+02
        12  3.730000E+02
        13  3.730000E+02
        14  3.730000E+02
        15  3.730000E+02
        16  3.730000E+02
        17  3.730000E+02
        18  3.730000E+02
        19  3.730000E+02
        20  3.730000E+02
        21  3.730000E+02
        22  3.730000E+02
        23  3.730000E+02
        24  3.730000E+02
        25  3.730000E+02
        26  3.730000E+02
        27  3.730000E+02
        28  3.730000E+02
        29  3.730000E+02
        30  3.730000E+02
        31  3.730000E+02
        32  3.730000E+02
        33  3.730000E+02
        34  3.730000E+02
        35  3.730000E+02
        36  3.730000E+02
        37  3.730000E+02
        38  3.730000E+02
        39  3.730000E+02
        40  3.730000E+02
        41  3.730000E+02
        42  3.730000E+02
        43  3.730000E+02
        44  3.730000E+02
        45  3.730000E+02
        46  3.730000E+02
        47  3.730000E+02
        48  3.730000E+02
        49  3.730000E+02
        50  3.730000E+02
        51  3.730000E+02
        52  3.730000E+02
        53  3.730000E+02
        54  3.730000E+02
        55  3.730000E+02
        56  3.730000E+02
        57  3.730000E+02
        58  3.730000E+02
        59  3.730000E+02
        60  3.730000E+02
        61  3.730000E+02
        62  3.730000E+02
        63  3.730000E+02
        64  3.730000E+02
        65  3.730000E+02
        66  3.730000E+02
        67  3.730000E+02
        68  3.730000E+02
        69  3.730000E+02
        70  3.730000E+02
        71  3.730000E+02
        72  3.730000E+02
        73  3.730000E+02
        74  3.730000E+02
        75  3.730000E+02
        76  3.730000E+02
        77  3.730000E+02
        78  3.730000E+02
        79  3.730000E+02
        80  3.730000E+02
        81  3.730000E+02
        82  3.730000E+02

                                INCREMENT    27


 temperatures for set N_ALL and time  0.5400000E+02

         1  3.730000E+02
         2  3.730000E+02
         3  3.730000E+02
         4  3.730000E+02
         5  3.730000E+02
         6  3.730000E+02
         7  3.730000E+02
         8  3.730000E+02
         9  3.730000E+02
        10  3.730000E+02
        11  3.730000E+02
        12  3.730000E+02
        13  3.730000E+02
        14  3.730000E+02
        15  3.730000E+02
        16  3.730000E+02
        17  3.730000E+02
        18  3.730000E+02
        19  3.730000E+02
        20  3.730000E+02
        21  3.730000E+02
        22  3.730000E+02
        23  3.730000E+02
        24  3.730000E+02
        25  3.730000E+02
        26  3.730000E+02
        27  3.730000E+02
        28  3.730000E+02
        29  3.730000E+02
        30  3.730000E+02
        31  3.730000E+02
        32  3.730000E+02
        33  3.730000E+02
        34  3.730000E+02
        35  3.730000E+02
        36  3.730000E+02
        37  3.730000E+02
        38  3.730000E+02
        39  3.730000E+02
        40  3.730000E+02
        41  3.730000E+02
        42  3.730000E+02
        43  3.730000E+02
        44  3.730000E+02
        45  3.730000E+02
        46  3.730000E+02
        47  3.730000E+02
        48  3.730000E+02
        49  3.730000E+02
        50  3.730000E+02
        51  3.730000E+02
        52  3.730000E+02
        53  3.730000E+02
        54  3.730000E+02
        55  3.730000E+02
        56  3.730000E+02
        57  3.730000E+02
        58  3.730000E+02
        59  3.730000E+02
        60  3.730000E+02
        61  3.730000E+02
        62  3.730000E+02
        63  3.730000E+02
        64  3.730000E+02
        65  3.730000E+02
        66  3.730000E+02
        67  3.730000E+02
        68  3.730000E+02
        69  3.730000E+02
        70  3.730000E+02
        71  3.730000E+02
        72  3.730000E+02
        73  3.730000E+02
        74  3.730000E+02
        75  3.730000E+02
        76  3.730000E+02
        77  3.730000E+02
        78  3.730000E+02
        79  3.730000E+02
        80  3.730000E+02
        81  3.730000E+02
        82  3.730000E+02

                                INCREMENT    28


 temperatures for set N_ALL and time  0.5600000E+02

         1  3.730000E+02
         2  3.730000E+02
         3  3.730000E+02
         4  3.730000E+02
         5  3.730000E+02
         6  3.730000E+02
         7  3.730000E+02
         8  3.730000E+02
         9  3.730000E+02
        10  3.730000E+02
        11  3.730000E+02
        12  3.730000E+02
        13  3.730000E+02
        14  3.730000E+02
        15  3.730000E+02
        16  3.730000E+02
        17  3.730000E+02
        18  3.730000E+02
        19  3.730000E+02
        20  3.730000E+02
        21  3.730000E+02
        22  3.730000E+02
        23  3.730000E+02
        24  3.730000E+02
        25  3.730000E+02
        26  3.730000E+02
        27  3.730000E+02
        28  3.730000E+02
        29  3.730000E+02
        30  3.730000E+02
        31  3.730000E+02
        32  3.730000E+02
        33  3.730000E+02
        34  3.730000E+02
        35  3.730000E+02
        36  3.730000E+02
        37  3.730000E+02
        38  3.730000E+02
        39  3.730000E+02
        40  3.730000E+02
        41  3.730000E+02
        42  3.730000E+02
        43  3.730000E+02
        44  3.730000E+02
        45  3.730000E+02
        46  3.730000E+02
        47  3.730000E+02
        48  3.730000E+02
        49  3.730000E+02
        50  3.730000E+02
        51  3.730000E+02
        52  3.730000E+02
        53  3.730000E+02
        54  3.730000E+02
        55  3.730000E+02
        56  3.730000E+02
        57  3.730000E+02
        58  3.730000E+02
        59  3.730000E+02
        60  3.730000E+02
        61  3.730000E+02
        62  3.730000E+02
        63  3.730000E+02
        64  3.730000E+02
        65  3.730000E+02
        66  3.730000E+02
        67  3.730000E+02
        68  3.730000E+02
        69  3.730000E+02
        70  3.730000E+02
        71  3.730000E+02
        72  3.730000E+02
        73  3.730000E+02
        74  3.730000E+02
        75  3.730000E+02
        76  3.730000E+02
        77  3.730000E+02
        78  3.730000E+02
        79  3.730000E+02
        80  3.730000E+02
        81  3.730000E+02
        82  3.730000E+02

                                INCREMENT    29


 temperatures for set N_ALL and time  0.5800000E+02

         1  3.730000E+02
         2  3.730000E+02
         3  3.730000E+02
         4  3.730000E+02
         5  3.730000E+02
         6  3.730000E+02
         7  3.730000E+02
         8  3.730000E+02
         9  3.730000E+02
        10  3.730000E+02
        11  3.730000E+02
        12  3.730000E+02
        13  3.730000E+02
        14  3.730000E+02
        15  3.730000E+02
        16  3.730000E+02
        17  3.730000E+02
        18  3.730000E+02
        19  3.730000E+02
        20  3.730000E+02
        21  3.730000E+02
        22  3.730000E+02
        23  3.730000E+02
        24  3.730000E+02
        25  3.730000E+02
        26  3.730000E+02
        27  3.730000E+02
        28  3.730000E+02
        29  3.730000E+02
        30  3.730000E+02
        31  3.730000E+02
        32  3.730000E+02
        33  3.730000E+02
        34  3.730000E+02
        35  3.730000E+02
        36  3.730000E+02
        37  3.730000E+02
        38  3.730000E+02
        39  3.730000E+02
        40  3.730000E+02
        41  3.730000E+02
        42  3.730000E+02
        43  3.730000E+02
        44  3.730000E+02
        45  3.730000E+02
        46  3.730000E+02
        47  3.730000E+02
        48  3.730000E+02
        49  3.730000E+02
        50  3.730000E+02
        51  3.730000E+02
        52  3.730000E+02
        53  3.730000E+02
        54  3.730000E+02
        55  3.730000E+02
        56  3.730000E+02
        57  3.730000E+02
        58  3.730000E+02
        59  3.730000E+02
        60  3.730000E+02
        61  3.730000E+02
        62  3.730000E+02
        63  3.730000E+02
        64  3.730000E+02
        65  3.730000E+02
        66  3.730000E+02
        67  3.730000E+02
        68  3.730000E+02
        69  3.730000E+02
        70  3.730000E+02
        71  3.730000E+02
        72  3.730000E+02
        73  3.730000E+02
        74  3.730000E+02
        75  3.730000E+02
        76  3.730000E+02
        77  3.730000E+02
        78  3.730000E+02
        79  3.730000E+02
        80  3.730000E+02
        81  3.730000E+02
        82  3.730000E+02

                                INCREMENT    30


 temperatures for set N_ALL and time  0.6000000E+02

         1  3.730000E+02
         2  3.730000E+02
         3  3.730000E+02
         4  3.730000E+02
         5  3.730000E+02
         6  3.730000E+02
         7  3.730000E+02
         8  3.730000E+02
         9  3.730000E+02
        10  3.730000E+02
        11  3.730000E+02
        12  3.730000E+02
        13  3.730000E+02
        14  3.730000E+02
        15  3.730000E+02
        16  3.730000E+02
        17  3.730000E+02
        18  3.730000E+02
        19  3.730000E+02
        20  3.730000E+02
        21  3.730000E+02
        22  3.730000E+02
        23  3.730000E+02
        24  3.730000E+02
        25  3.730000E+02
        26  3.730000E+02
        27  3.730000E+02
        28  3.730000E+02
        29  3.730000E+02
        30  3.730000E+02
        31  3.730000E+02
        32  3.730000E+02
        33  3.730000E+02
        34  3.730000E+02
        35  3.730000E+02
        36  3.730000E+02
        37  3.730000E+02
        38  3.730000E+02
        39  3.730000E+02
        40  3.730000E+02
        41  3.730000E+02
        42  3.730000E+02
        43  3.730000E+02
        44  3.730000E+02
        45  3.730000E+02
        46  3.730000E+02
        47  3.730000E+02
        48  3.730000E+02
        49  3.730000E+02
        50  3.730000E+02
        51  3.730000E+02
        52  3.730000E+02
        53  3.730000E+02
        54  3.730000E+02
        55  3.730000E+02
        56  3.730000E+02
        57  3.730000E+02
        58  3.730000E+02
        59  3.730000E+02
        60  3.730000E+02
        61  3.730000E+02
        62  3.730000E+02
        63  3.730000E+02
        64  3.730000E+02
        65  3.730000E+02
        66  3.730000E+02
        67  3.730000E+02
        68  3.730000E+02
        69  3.730000E+02
        70  3.730000E+02
        71  3.730000E+02
        72  3.730000E+02
        73  3.730000E+02
        74  3.730000E+02
        75  3.730000E+02
        76  3.730000E+02
        77  3.730000E+02
        78  3.730000E+02
        79  3.730000E+02
        80  3.730000E+02
        81  3.730000E+02
        82  3.730000E+02
